fecha	objective	metric	first_metric_only	boost_from_average	feature_pre_filter	verbosity	max_depth	min_gain_to_split	lambda_l1	lambda_l2	max_bin	num_iterations	force_row_wise	seed	learning_rate	feature_fraction	min_data_in_leaf	num_leaves	envios	ganancia	iteracion
20221018 132522	binary	custom	TRUE	TRUE	FALSE	-100	-1	0	0	0	31	41	TRUE	388699	0.209949820152891	0.495685887020081	4468	676	7835	26650000	1
20221018 132542	binary	custom	TRUE	TRUE	FALSE	-100	-1	0	0	0	31	64	TRUE	388699	0.166782262591762	0.733053995491937	4892	446	10186	25870000	2
20221018 132652	binary	custom	TRUE	TRUE	FALSE	-100	-1	0	0	0	31	282	TRUE	388699	0.0543410666704294	0.332627581302077	3337	166	12151	25380000	3
20221018 132709	binary	custom	TRUE	TRUE	FALSE	-100	-1	0	0	0	31	45	TRUE	388699	0.196628275225288	0.765292470678687	3794	534	10509	26430000	4
20221018 132745	binary	custom	TRUE	TRUE	FALSE	-100	-1	0	0	0	31	29	TRUE	388699	0.242149229219998	0.25760901699774	6801	471	12622	24280000	5
20221018 132901	binary	custom	TRUE	TRUE	FALSE	-100	-1	0	0	0	31	129	TRUE	388699	0.0460948482507374	0.556013226285577	3071	310	11367	25990000	6
20221018 132956	binary	custom	TRUE	TRUE	FALSE	-100	-1	0	0	0	31	124	TRUE	388699	0.116265285248926	0.928780946647748	1152	662	8747	26990000	7
20221018 133012	binary	custom	TRUE	TRUE	FALSE	-100	-1	0	0	0	31	29	TRUE	388699	0.17270109360374	0.62925030826591	5204	803	6860	25880000	8
20221018 133049	binary	custom	TRUE	TRUE	FALSE	-100	-1	0	0	0	31	124	TRUE	388699	0.126998246423434	0.404075693031773	6585	745	14928	22790000	9
20221018 133116	binary	custom	TRUE	TRUE	FALSE	-100	-1	0	0	0	31	34	TRUE	388699	0.215955515489797	0.99949680509977	465	222	11938	23970000	10
20221018 133139	binary	custom	TRUE	TRUE	FALSE	-100	-1	0	0	0	31	81	TRUE	388699	0.151527280803071	0.702655460387468	7249	168	5501	25160000	11
20221018 133156	binary	custom	TRUE	TRUE	FALSE	-100	-1	0	0	0	31	29	TRUE	388699	0.272256191695167	0.807185151018202	1818	1019	6436	25130000	12
20221018 133220	binary	custom	TRUE	TRUE	FALSE	-100	-1	0	0	0	31	67	TRUE	388699	0.0708023214770365	0.857727630948648	2754	20	8325	26550000	13
20221018 133249	binary	custom	TRUE	TRUE	FALSE	-100	-1	0	0	0	31	96	TRUE	388699	0.107610276694293	0.280190903553739	5961	112	13606	25190000	14
20221018 133304	binary	custom	TRUE	TRUE	FALSE	-100	-1	0	0	0	31	18	TRUE	388699	0.230431811770366	0.661553804706782	2086	968	13139	24770000	15
20221018 133812	binary	custom	TRUE	TRUE	FALSE	-100	-1	0	0	0	31	888	TRUE	388699	0.00769870370265562	0.463761767214164	1454	827	5466	25870000	16
20221018 133854	binary	custom	TRUE	TRUE	FALSE	-100	-1	0	0	0	31	117	TRUE	388699	0.0930573708133306	0.210880017522723	7935	881	9278	26490000	17
20221018 133912	binary	custom	TRUE	TRUE	FALSE	-100	-1	0	0	0	31	39	TRUE	388699	0.295174827996117	0.576827390855178	4084	334	7190	25380000	18
20221018 133952	binary	custom	TRUE	TRUE	FALSE	-100	-1	0	0	0	31	73	TRUE	388699	0.26224245623115	0.367376546086744	143	398	14492	20860000	19
20221018 134041	binary	custom	TRUE	TRUE	FALSE	-100	-1	0	0	0	31	198	TRUE	388699	0.0322818678830517	0.894003292554989	6320	580	9991	26820000	20
20221018 134612	binary	custom	TRUE	TRUE	FALSE	-100	-1	0	0	0	31	1427	TRUE	388699	0.00528861125037217	0.839812099837333	3419	916	9037	26810000	21
20221018 134651	binary	custom	TRUE	TRUE	FALSE	-100	-1	0	0	0	31	113	TRUE	388699	0.0916235768935624	0.384286533412785	2643	713	8346	26990000	22
20221018 134716	binary	custom	TRUE	TRUE	FALSE	-100	-1	0	0	0	31	54	TRUE	388699	0.0854235924176227	0.993201866501436	2943	929	10563	25920000	23
20221018 135224	binary	custom	TRUE	TRUE	FALSE	-100	-1	0	0	0	31	1264	TRUE	388699	0.0078594021275221	0.561963739292815	6753	583	8647	26630000	24
20221018 135603	binary	custom	TRUE	TRUE	FALSE	-100	-1	0	0	0	31	859	TRUE	388699	0.00919757405634094	0.760746358232644	3286	660	9275	26650000	25
20221018 135638	binary	custom	TRUE	TRUE	FALSE	-100	-1	0	0	0	31	153	TRUE	388699	0.199182768024005	0.668509572747434	2512	908	8800	26640000	26
20221018 135723	binary	custom	TRUE	TRUE	FALSE	-100	-1	0	0	0	31	108	TRUE	388699	0.055137437449588	0.900540115947669	1261	793	8051	26700000	27
20221018 135843	binary	custom	TRUE	TRUE	FALSE	-100	-1	0	0	0	31	300	TRUE	388699	0.0559152772307341	0.481934807282878	4071	911	8220	26920000	28
20221018 135904	binary	custom	TRUE	TRUE	FALSE	-100	-1	0	0	0	31	43	TRUE	388699	0.106955367534044	0.920723747182509	3557	647	8380	26680000	29
20221018 140754	binary	custom	TRUE	TRUE	FALSE	-100	-1	0	0	0	31	923	TRUE	388699	0.00558192657864814	0.380991305576459	906	588	8669	27310000	30
20221018 140859	binary	custom	TRUE	TRUE	FALSE	-100	-1	0	0	0	31	177	TRUE	388699	0.174551656147447	0.239019723673725	12	605	8140	22360000	31
20221018 141820	binary	custom	TRUE	TRUE	FALSE	-100	-1	0	0	0	31	1844	TRUE	388699	0.00516719077410864	0.509896599016593	1529	428	9014	27260000	32
20221018 142523	binary	custom	TRUE	TRUE	FALSE	-100	-1	0	0	0	31	1209	TRUE	388699	0.00521047646535773	0.409855885136323	1714	945	9046	27030000	33
20221018 142558	binary	custom	TRUE	TRUE	FALSE	-100	-1	0	0	0	31	122	TRUE	388699	0.0671203229339869	0.225691041094961	5989	280	8784	26280000	34
20221018 143630	binary	custom	TRUE	TRUE	FALSE	-100	-1	0	0	0	31	1935	TRUE	388699	0.00514907347753024	0.665224813561875	680	519	8922	27280000	35
20221018 143730	binary	custom	TRUE	TRUE	FALSE	-100	-1	0	0	0	31	253	TRUE	388699	0.0295673862447005	0.81459816374774	7841	1024	8906	26430000	36
20221018 143859	binary	custom	TRUE	TRUE	FALSE	-100	-1	0	0	0	31	214	TRUE	388699	0.0325899984792822	0.553359224582731	1110	480	8896	27250000	37
20221018 144429	binary	custom	TRUE	TRUE	FALSE	-100	-1	0	0	0	31	1191	TRUE	388699	0.00551009768758265	0.371715984017212	5538	1024	9402	26800000	38
20221018 144455	binary	custom	TRUE	TRUE	FALSE	-100	-1	0	0	0	31	109	TRUE	388699	0.227644175682125	0.968448450191849	4015	1024	8950	26500000	39
20221018 144535	binary	custom	TRUE	TRUE	FALSE	-100	-1	0	0	0	31	135	TRUE	388699	0.0974035044602284	0.790115727990357	1892	450	8812	26780000	40
20221018 145138	binary	custom	TRUE	TRUE	FALSE	-100	-1	0	0	0	31	891	TRUE	388699	0.00532269834051437	0.978529312379636	974	186	9017	27170000	41
20221018 145924	binary	custom	TRUE	TRUE	FALSE	-100	-1	0	0	0	31	1197	TRUE	388699	0.00524089508539502	0.569530254366505	1087	564	8924	27280000	42
20221018 150409	binary	custom	TRUE	TRUE	FALSE	-100	-1	0	0	0	31	546	TRUE	388699	0.0050528616518716	0.496526800752577	715	45	8663	2.7e+07	43
20221018 151753	binary	custom	TRUE	TRUE	FALSE	-100	-1	0	0	0	31	1803	TRUE	388699	0.00504102167270669	0.404580168600099	814	401	9673	27540000	44
20221018 152817	binary	custom	TRUE	TRUE	FALSE	-100	-1	0	0	0	31	1150	TRUE	388699	0.00505618078038672	0.920218544265193	51	325	10995	26170000	45
20221018 153000	binary	custom	TRUE	TRUE	FALSE	-100	-1	0	0	0	31	491	TRUE	388699	0.0168782141756607	0.985320318263345	7699	16	10420	26520000	46
20221018 153758	binary	custom	TRUE	TRUE	FALSE	-100	-1	0	0	0	31	1802	TRUE	388699	0.00544228575813135	0.228855239802909	868	430	9539	27330000	47
20221018 154210	binary	custom	TRUE	TRUE	FALSE	-100	-1	0	0	0	31	1068	TRUE	388699	0.00538985911391466	0.999336500229083	5418	129	8500	26760000	48
20221018 154230	binary	custom	TRUE	TRUE	FALSE	-100	-1	0	0	0	31	27	TRUE	388699	0.206993171247863	0.999305698950617	3655	38	8493	26460000	49
20221018 154957	binary	custom	TRUE	TRUE	FALSE	-100	-1	0	0	0	31	2614	TRUE	388699	0.00507657614475235	0.999000195849259	5718	1024	6334	26860000	50
20221018 155118	binary	custom	TRUE	TRUE	FALSE	-100	-1	0	0	0	31	440	TRUE	388699	0.0441298422580277	0.202478327275192	7425	1023	5049	24390000	51
20221018 155642	binary	custom	TRUE	TRUE	FALSE	-100	-1	0	0	0	31	1613	TRUE	388699	0.00508572935144476	0.999644570030702	5751	941	8634	26740000	52
20221018 160108	binary	custom	TRUE	TRUE	FALSE	-100	-1	0	0	0	31	936	TRUE	388699	0.00503649270740815	0.999773301607883	4078	255	5584	26040000	53
20221018 160211	binary	custom	TRUE	TRUE	FALSE	-100	-1	0	0	0	31	234	TRUE	388699	0.0893819072876874	0.520698967630616	7996	17	10170	26780000	54
20221018 160422	binary	custom	TRUE	TRUE	FALSE	-100	-1	0	0	0	31	686	TRUE	388699	0.0296027835434712	0.20199950997701	7999	250	11068	26270000	55
20221018 160856	binary	custom	TRUE	TRUE	FALSE	-100	-1	0	0	0	31	548	TRUE	388699	0.0140546660125085	0.433067940555781	853	426	9524	27600000	56
20221018 161103	binary	custom	TRUE	TRUE	FALSE	-100	-1	0	0	0	31	214	TRUE	388699	0.018565039242216	0.434052000745572	689	720	9690	27020000	57
20221018 161744	binary	custom	TRUE	TRUE	FALSE	-100	-1	0	0	0	31	1595	TRUE	388699	0.0064308603124256	0.384458494257389	3319	1024	7606	26950000	58
20221018 161817	binary	custom	TRUE	TRUE	FALSE	-100	-1	0	0	0	31	153	TRUE	388699	0.0771822186721045	0.999870169962809	8000	339	9043	26640000	59
20221018 162222	binary	custom	TRUE	TRUE	FALSE	-100	-1	0	0	0	31	738	TRUE	388699	0.0134900730130798	0.431037172510715	889	345	9251	27500000	60
20221018 162303	binary	custom	TRUE	TRUE	FALSE	-100	-1	0	0	0	31	118	TRUE	388699	0.118015855180127	0.296824640455177	3578	1023	8876	26890000	61
20221018 162512	binary	custom	TRUE	TRUE	FALSE	-100	-1	0	0	0	31	168	TRUE	388699	0.0135842335545054	0.999742060610213	754	422	7404	26800000	62
20221018 162538	binary	custom	TRUE	TRUE	FALSE	-100	-1	0	0	0	31	83	TRUE	388699	0.076522048841787	0.998160477589542	6385	16	9664	26600000	63
20221018 162555	binary	custom	TRUE	TRUE	FALSE	-100	-1	0	0	0	31	58	TRUE	388699	0.22127058937484	0.906300642111198	7999	658	8470	26340000	64
20221018 162622	binary	custom	TRUE	TRUE	FALSE	-100	-1	0	0	0	31	117	TRUE	388699	0.204445249910589	0.204543752703258	7999	20	8843	26960000	65
20221018 163353	binary	custom	TRUE	TRUE	FALSE	-100	-1	0	0	0	31	1801	TRUE	388699	0.00500443351379178	0.566072273958307	5900	18	10611	26860000	66
20221018 163416	binary	custom	TRUE	TRUE	FALSE	-100	-1	0	0	0	31	31	TRUE	388699	0.298974536432193	0.427981139722228	8000	16	8913	25860000	67
20221018 163436	binary	custom	TRUE	TRUE	FALSE	-100	-1	0	0	0	31	34	TRUE	388699	0.130108615332261	0.999033077669125	2704	1024	6300	25880000	68
20221018 163733	binary	custom	TRUE	TRUE	FALSE	-100	-1	0	0	0	31	678	TRUE	388699	0.0141315050548476	0.311892020997927	2379	469	9478	27130000	69
20221018 163756	binary	custom	TRUE	TRUE	FALSE	-100	-1	0	0	0	31	34	TRUE	388699	0.0764345643984793	0.949142781429407	878	30	9633	27060000	70
20221018 163815	binary	custom	TRUE	TRUE	FALSE	-100	-1	0	0	0	31	71	TRUE	388699	0.193214310741303	0.865557169722731	7999	17	9814	26060000	71
20221018 163837	binary	custom	TRUE	TRUE	FALSE	-100	-1	0	0	0	31	79	TRUE	388699	0.238238299590214	0.201651811812057	7999	1014	8255	25490000	72
20221018 163906	binary	custom	TRUE	TRUE	FALSE	-100	-1	0	0	0	31	118	TRUE	388699	0.112536073493308	0.207610532434392	8000	17	8416	26850000	73
20221018 163931	binary	custom	TRUE	TRUE	FALSE	-100	-1	0	0	0	31	58	TRUE	388699	0.126957704753261	0.392463857325388	3829	16	9216	26850000	74
20221018 164647	binary	custom	TRUE	TRUE	FALSE	-100	-1	0	0	0	31	2107	TRUE	388699	0.00502535443416827	0.2030439819794	4053	927	9358	26970000	75
20221018 164722	binary	custom	TRUE	TRUE	FALSE	-100	-1	0	0	0	31	123	TRUE	388699	0.225881476548579	0.224647268824957	3518	730	9342	25960000	76
20221018 165254	binary	custom	TRUE	TRUE	FALSE	-100	-1	0	0	0	31	1104	TRUE	388699	0.00540099151391875	0.454825893320187	4397	16	9518	26730000	77
20221018 165826	binary	custom	TRUE	TRUE	FALSE	-100	-1	0	0	0	31	795	TRUE	388699	0.00710231880061778	0.43685811909301	924	454	9500	27480000	78
20221018 170102	binary	custom	TRUE	TRUE	FALSE	-100	-1	0	0	0	31	353	TRUE	388699	0.0172229454248272	0.415351783211676	810	395	9725	27270000	79
20221018 170123	binary	custom	TRUE	TRUE	FALSE	-100	-1	0	0	0	31	75	TRUE	388699	0.202309605264116	0.658111636563444	5782	968	9068	26030000	80
20221018 170700	binary	custom	TRUE	TRUE	FALSE	-100	-1	0	0	0	31	1702	TRUE	388699	0.0055772813651241	0.99869646184828	5152	423	7695	26770000	81
20221018 171054	binary	custom	TRUE	TRUE	FALSE	-100	-1	0	0	0	31	212	TRUE	388699	0.00590955253935877	0.506203847351213	66	114	9588	27310000	82
20221018 171639	binary	custom	TRUE	TRUE	FALSE	-100	-1	0	0	0	31	1035	TRUE	388699	0.00550689338933707	0.38848458433564	2848	825	8599	26970000	83
20221018 171714	binary	custom	TRUE	TRUE	FALSE	-100	-1	0	0	0	31	112	TRUE	388699	0.111479802297893	0.500224482722939	818	23	8913	26980000	84
20221018 171755	binary	custom	TRUE	TRUE	FALSE	-100	-1	0	0	0	31	153	TRUE	388699	0.226830149780154	0.510700459646333	7118	41	5034	24340000	85
20221018 171920	binary	custom	TRUE	TRUE	FALSE	-100	-1	0	0	0	31	126	TRUE	388699	0.073437418070514	0.488615000450348	1	569	9231	24740000	86
20221018 173130	binary	custom	TRUE	TRUE	FALSE	-100	-1	0	0	0	31	2578	TRUE	388699	0.0053212229957618	0.64281784796961	858	600	12304	26440000	87
20221018 173204	binary	custom	TRUE	TRUE	FALSE	-100	-1	0	0	0	31	78	TRUE	388699	0.116164014520958	0.294266028031739	3599	232	5038	24810000	88
20221018 173222	binary	custom	TRUE	TRUE	FALSE	-100	-1	0	0	0	31	40	TRUE	388699	0.0919185525992293	0.997538039205739	1371	16	9010	26300000	89
20221018 173302	binary	custom	TRUE	TRUE	FALSE	-100	-1	0	0	0	31	81	TRUE	388699	0.104204007152627	0.520415323602834	1629	1024	8247	26710000	90
20221018 173354	binary	custom	TRUE	TRUE	FALSE	-100	-1	0	0	0	31	167	TRUE	388699	0.0377606091942611	0.945496425581031	2780	1007	8625	26990000	91
20221018 173410	binary	custom	TRUE	TRUE	FALSE	-100	-1	0	0	0	31	22	TRUE	388699	0.199449551638799	0.999738972374853	3150	753	5304	24600000	92
20221018 174032	binary	custom	TRUE	TRUE	FALSE	-100	-1	0	0	0	31	744	TRUE	388699	0.00519384642195013	0.774050867683906	826	418	9421	27080000	93
20221018 174111	binary	custom	TRUE	TRUE	FALSE	-100	-1	0	0	0	31	68	TRUE	388699	0.0365423678315242	0.99915003464846	609	45	9023	26920000	94
20221018 174712	binary	custom	TRUE	TRUE	FALSE	-100	-1	0	0	0	31	1402	TRUE	388699	0.0050774959015237	0.364379366210418	7969	88	14997	23530000	95
20221018 175614	binary	custom	TRUE	TRUE	FALSE	-100	-1	0	0	0	31	1956	TRUE	388699	0.00597827486244839	0.552316554633179	2215	565	8455	27330000	96
20221018 175722	binary	custom	TRUE	TRUE	FALSE	-100	-1	0	0	0	31	263	TRUE	388699	0.0614939116534182	0.537964392581499	7426	49	9267	26750000	97
20221018 180246	binary	custom	TRUE	TRUE	FALSE	-100	-1	0	0	0	31	1596	TRUE	388699	0.00509821477736568	0.844077239189706	6110	139	7307	26350000	98
20221018 180408	binary	custom	TRUE	TRUE	FALSE	-100	-1	0	0	0	31	273	TRUE	388699	0.0533760297443983	0.553582180870024	2380	776	8955	27370000	99
20221018 181204	binary	custom	TRUE	TRUE	FALSE	-100	-1	0	0	0	31	2388	TRUE	388699	0.00520652859053134	0.231163681049272	4647	973	7714	26660000	100
20221018 181331	binary	custom	TRUE	TRUE	FALSE	-100	-1	0	0	0	31	224	TRUE	388699	0.0522648824269721	0.362607520272996	2102	431	8846	27670000	101
20221018 181420	binary	custom	TRUE	TRUE	FALSE	-100	-1	0	0	0	31	178	TRUE	388699	0.0545781901423102	0.202372538560848	2180	632	8757	26890000	102
20221018 181527	binary	custom	TRUE	TRUE	FALSE	-100	-1	0	0	0	31	168	TRUE	388699	0.0406557783803015	0.462256756383833	2046	300	8971	27420000	103
20221018 181602	binary	custom	TRUE	TRUE	FALSE	-100	-1	0	0	0	31	85	TRUE	388699	0.122557669560053	0.393997141062558	2130	416	8844	26480000	104
20221018 181644	binary	custom	TRUE	TRUE	FALSE	-100	-1	0	0	0	31	105	TRUE	388699	0.0496768765647281	0.625363472980441	2054	426	8517	27610000	105
20221018 181726	binary	custom	TRUE	TRUE	FALSE	-100	-1	0	0	0	31	81	TRUE	388699	0.0538913133024445	0.687593912908308	1438	109	9393	27060000	106
20221018 181810	binary	custom	TRUE	TRUE	FALSE	-100	-1	0	0	0	31	75	TRUE	388699	0.0490124331696941	0.447441552250261	2261	474	8585	27150000	107
20221018 181853	binary	custom	TRUE	TRUE	FALSE	-100	-1	0	0	0	31	100	TRUE	388699	0.051352834768163	0.631325321603527	2071	806	8846	26870000	108
20221018 181951	binary	custom	TRUE	TRUE	FALSE	-100	-1	0	0	0	31	164	TRUE	388699	0.046272449481516	0.367882018081998	1851	141	8325	27030000	109
20221018 182052	binary	custom	TRUE	TRUE	FALSE	-100	-1	0	0	0	31	182	TRUE	388699	0.0536227101845742	0.572945508394682	2563	386	7215	26930000	110
20221018 182155	binary	custom	TRUE	TRUE	FALSE	-100	-1	0	0	0	31	207	TRUE	388699	0.0411361901184247	0.606143961703063	2525	442	8761	26880000	111
20221018 182258	binary	custom	TRUE	TRUE	FALSE	-100	-1	0	0	0	31	215	TRUE	388699	0.0566545946946094	0.599287217886403	1997	322	7841	27040000	112
20221018 182811	binary	custom	TRUE	TRUE	FALSE	-100	-1	0	0	0	31	1063	TRUE	388699	0.00571407367083822	0.970193173028913	2108	391	11300	26200000	113
20221018 182958	binary	custom	TRUE	TRUE	FALSE	-100	-1	0	0	0	31	265	TRUE	388699	0.0522288423767415	0.618632828348799	526	393	9187	27070000	114
20221018 183055	binary	custom	TRUE	TRUE	FALSE	-100	-1	0	0	0	31	178	TRUE	388699	0.0528263167906219	0.470462976445444	5656	254	8698	26930000	115
20221018 183136	binary	custom	TRUE	TRUE	FALSE	-100	-1	0	0	0	31	109	TRUE	388699	0.0492849646542208	0.805625448676823	2985	260	8323	26960000	116
20221018 183254	binary	custom	TRUE	TRUE	FALSE	-100	-1	0	0	0	31	255	TRUE	388699	0.0365614490748407	0.35627366755182	2047	292	9389	27150000	117
20221018 183423	binary	custom	TRUE	TRUE	FALSE	-100	-1	0	0	0	31	242	TRUE	388699	0.0335710974068624	0.513761480701843	1255	74	8951	27460000	118
20221018 183943	binary	custom	TRUE	TRUE	FALSE	-100	-1	0	0	0	31	570	TRUE	388699	0.0140838205582805	0.559177647346596	338	417	8121	27360000	119
20221018 184016	binary	custom	TRUE	TRUE	FALSE	-100	-1	0	0	0	31	102	TRUE	388699	0.099792832496402	0.37048726051145	5759	79	9006	26470000	120
