fecha	objective	metric	first_metric_only	boost_from_average	feature_pre_filter	verbosity	max_depth	min_gain_to_split	lambda_l1	lambda_l2	max_bin	num_iterations	force_row_wise	seed	learning_rate	feature_fraction	min_data_in_leaf	num_leaves	envios	ganancia	iteracion
20221017 231442	binary	custom	TRUE	TRUE	FALSE	-100	-1	0	0	0	31	30	TRUE	388699	0.209949820152891	0.495685887020081	4468	676	7835	25050000	1
20221017 231505	binary	custom	TRUE	TRUE	FALSE	-100	-1	0	0	0	31	99	TRUE	388699	0.166782262591762	0.733053995491937	4892	446	10186	26430000	2
20221017 231604	binary	custom	TRUE	TRUE	FALSE	-100	-1	0	0	0	31	341	TRUE	388699	0.0543410666704294	0.332627581302077	3337	166	12151	25940000	3
20221017 231616	binary	custom	TRUE	TRUE	FALSE	-100	-1	0	0	0	31	25	TRUE	388699	0.196628275225288	0.765292470678687	3794	534	10509	25550000	4
20221017 231636	binary	custom	TRUE	TRUE	FALSE	-100	-1	0	0	0	31	96	TRUE	388699	0.242149229219998	0.25760901699774	6801	471	12622	25320000	5
20221017 231741	binary	custom	TRUE	TRUE	FALSE	-100	-1	0	0	0	31	345	TRUE	388699	0.0460948482507374	0.556013226285577	3071	310	11367	26150000	6
20221017 231800	binary	custom	TRUE	TRUE	FALSE	-100	-1	0	0	0	31	30	TRUE	388699	0.116265285248926	0.928780946647748	1152	662	8747	25950000	7
20221017 231812	binary	custom	TRUE	TRUE	FALSE	-100	-1	0	0	0	31	27	TRUE	388699	0.17270109360374	0.62925030826591	5204	803	6860	25320000	8
20221017 231841	binary	custom	TRUE	TRUE	FALSE	-100	-1	0	0	0	31	101	TRUE	388699	0.126998246423434	0.404075693031773	6585	745	14928	23830000	9
20221017 231910	binary	custom	TRUE	TRUE	FALSE	-100	-1	0	0	0	31	66	TRUE	388699	0.215955515489797	0.99949680509977	465	222	11938	24050000	10
20221017 231931	binary	custom	TRUE	TRUE	FALSE	-100	-1	0	0	0	31	142	TRUE	388699	0.151527280803071	0.702655460387468	7249	168	5501	2.5e+07	11
20221017 231949	binary	custom	TRUE	TRUE	FALSE	-100	-1	0	0	0	31	71	TRUE	388699	0.272256191695167	0.807185151018202	1818	1019	6436	24890000	12
20221017 232009	binary	custom	TRUE	TRUE	FALSE	-100	-1	0	0	0	31	57	TRUE	388699	0.0708023214770365	0.857727630948648	2754	20	8325	26390000	13
20221017 232033	binary	custom	TRUE	TRUE	FALSE	-100	-1	0	0	0	31	118	TRUE	388699	0.107610276694293	0.280190903553739	5961	112	13606	24230000	14
20221017 232052	binary	custom	TRUE	TRUE	FALSE	-100	-1	0	0	0	31	82	TRUE	388699	0.230431811770366	0.661553804706782	2086	968	13139	24130000	15
20221017 232355	binary	custom	TRUE	TRUE	FALSE	-100	-1	0	0	0	31	542	TRUE	388699	0.00769870370265562	0.463761767214164	1454	827	5466	24830000	16
20221017 232441	binary	custom	TRUE	TRUE	FALSE	-100	-1	0	0	0	31	270	TRUE	388699	0.0930573708133306	0.210880017522723	7935	881	9278	26970000	17
20221017 232453	binary	custom	TRUE	TRUE	FALSE	-100	-1	0	0	0	31	27	TRUE	388699	0.295174827996117	0.576827390855178	4084	334	7190	24100000	18
20221017 232526	binary	custom	TRUE	TRUE	FALSE	-100	-1	0	0	0	31	64	TRUE	388699	0.26224245623115	0.367376546086744	143	398	14492	21180000	19
20221017 232621	binary	custom	TRUE	TRUE	FALSE	-100	-1	0	0	0	31	235	TRUE	388699	0.0322818678830517	0.894003292554989	6320	580	9991	26020000	20
20221017 232645	binary	custom	TRUE	TRUE	FALSE	-100	-1	0	0	0	31	73	TRUE	388699	0.103519313884998	0.200803465909052	5777	329	9539	25890000	21
20221017 232719	binary	custom	TRUE	TRUE	FALSE	-100	-1	0	0	0	31	169	TRUE	388699	0.170420823046559	0.607210740484294	7998	992	9675	26090000	22
20221017 232935	binary	custom	TRUE	TRUE	FALSE	-100	-1	0	0	0	31	1131	TRUE	388699	0.0300478827843754	0.2003300971576	8000	1012	8905	26590000	23
20221017 233021	binary	custom	TRUE	TRUE	FALSE	-100	-1	0	0	0	31	234	TRUE	388699	0.0653599303970838	0.966538752852963	4540	90	9886	27030000	24
20221017 233054	binary	custom	TRUE	TRUE	FALSE	-100	-1	0	0	0	31	207	TRUE	388699	0.0700331147159807	0.999958019504414	4628	804	9702	26520000	25
20221017 233714	binary	custom	TRUE	TRUE	FALSE	-100	-1	0	0	0	31	3229	TRUE	388699	0.00500878777159687	0.821705027940654	4586	17	10114	26740000	26
20221017 233754	binary	custom	TRUE	TRUE	FALSE	-100	-1	0	0	0	31	219	TRUE	388699	0.0857746440698123	0.200181290685457	8000	512	9778	26450000	27
20221017 233824	binary	custom	TRUE	TRUE	FALSE	-100	-1	0	0	0	31	214	TRUE	388699	0.0950144922600781	0.999589917647328	4790	17	10443	26640000	28
20221017 233919	binary	custom	TRUE	TRUE	FALSE	-100	-1	0	0	0	31	312	TRUE	388699	0.0613816083656926	0.858757433767507	4506	240	9377	27090000	29
20221017 233936	binary	custom	TRUE	TRUE	FALSE	-100	-1	0	0	0	31	63	TRUE	388699	0.115395816273255	0.200964370863318	7987	930	7958	25690000	30
20221017 234007	binary	custom	TRUE	TRUE	FALSE	-100	-1	0	0	0	31	211	TRUE	388699	0.0865608665176855	0.80277860198517	4667	16	9530	26700000	31
20221017 234054	binary	custom	TRUE	TRUE	FALSE	-100	-1	0	0	0	31	352	TRUE	388699	0.0673788816917774	0.200661893467562	7832	889	10474	26100000	32
20221017 234219	binary	custom	TRUE	TRUE	FALSE	-100	-1	0	0	0	31	592	TRUE	388699	0.028385027444507	0.999984539162364	3437	200	9301	26680000	33
20221017 234250	binary	custom	TRUE	TRUE	FALSE	-100	-1	0	0	0	31	154	TRUE	388699	0.0619793197871455	0.99854689475658	4843	191	9020	26120000	34
20221017 234345	binary	custom	TRUE	TRUE	FALSE	-100	-1	0	0	0	31	403	TRUE	388699	0.060803137232973	0.85555043936852	3742	294	9890	26540000	35
20221017 234425	binary	custom	TRUE	TRUE	FALSE	-100	-1	0	0	0	31	287	TRUE	388699	0.0887193216351021	0.215059711791567	7305	906	9288	26870000	36
20221017 234951	binary	custom	TRUE	TRUE	FALSE	-100	-1	0	0	0	31	2419	TRUE	388699	0.00536972568959359	0.676808206030715	4497	538	9295	26610000	37
20221017 235033	binary	custom	TRUE	TRUE	FALSE	-100	-1	0	0	0	31	187	TRUE	388699	0.157422760005195	0.337305948507628	7952	911	9282	27200000	38
20221017 235211	binary	custom	TRUE	TRUE	FALSE	-100	-1	0	0	0	31	585	TRUE	388699	0.0193802703654746	0.358664060164522	7986	884	9332	26380000	39
20221017 235229	binary	custom	TRUE	TRUE	FALSE	-100	-1	0	0	0	31	88	TRUE	388699	0.230845239785719	0.249134427944359	8000	999	9232	25780000	40
20221017 235308	binary	custom	TRUE	TRUE	FALSE	-100	-1	0	0	0	31	263	TRUE	388699	0.125409348517484	0.35417358107026	7862	923	9075	26490000	41
20221017 235347	binary	custom	TRUE	TRUE	FALSE	-100	-1	0	0	0	31	217	TRUE	388699	0.156652270427491	0.23254912676493	7962	914	9406	26710000	42
20221017 235422	binary	custom	TRUE	TRUE	FALSE	-100	-1	0	0	0	31	237	TRUE	388699	0.155267627357135	0.319002336857708	7964	706	9769	26230000	43
20221017 235445	binary	custom	TRUE	TRUE	FALSE	-100	-1	0	0	0	31	111	TRUE	388699	0.171188928783484	0.407680759025599	7649	442	9210	26700000	44
20221017 235505	binary	custom	TRUE	TRUE	FALSE	-100	-1	0	0	0	31	84	TRUE	388699	0.15807420417311	0.909213353197823	4689	221	9442	25840000	45
20221017 235545	binary	custom	TRUE	TRUE	FALSE	-100	-1	0	0	0	31	201	TRUE	388699	0.0294754178005943	0.882790880058357	5822	26	9321	26240000	46
20221017 235613	binary	custom	TRUE	TRUE	FALSE	-100	-1	0	0	0	31	101	TRUE	388699	0.0571884936841748	0.616766177052867	4431	330	9357	26250000	47
20221017 235657	binary	custom	TRUE	TRUE	FALSE	-100	-1	0	0	0	31	373	TRUE	388699	0.0625996063449932	0.805344333385976	7745	302	8959	26970000	48
20221017 235717	binary	custom	TRUE	TRUE	FALSE	-100	-1	0	0	0	31	76	TRUE	388699	0.169367240995483	0.378765211991741	7616	1024	9135	26290000	49
20221017 235807	binary	custom	TRUE	TRUE	FALSE	-100	-1	0	0	0	31	371	TRUE	388699	0.0357441113570542	0.839159541573515	7796	208	9063	26280000	50
20221017 235841	binary	custom	TRUE	TRUE	FALSE	-100	-1	0	0	0	31	213	TRUE	388699	0.0602093843191315	0.745255134000513	4943	314	9250	26220000	51
20221017 235903	binary	custom	TRUE	TRUE	FALSE	-100	-1	0	0	0	31	91	TRUE	388699	0.0694807789021777	0.883176867520954	6580	141	9499	26050000	52
20221017 235958	binary	custom	TRUE	TRUE	FALSE	-100	-1	0	0	0	31	372	TRUE	388699	0.0545531948406646	0.821577206705483	4756	763	8904	26840000	53
20221018 000106	binary	custom	TRUE	TRUE	FALSE	-100	-1	0	0	0	31	347	TRUE	388699	0.0173020254053485	0.67906823077288	6607	499	10214	25740000	54
20221018 000647	binary	custom	TRUE	TRUE	FALSE	-100	-1	0	0	0	31	2488	TRUE	388699	0.00532319104801752	0.97477828624335	3843	258	10119	26810000	55
20221018 000716	binary	custom	TRUE	TRUE	FALSE	-100	-1	0	0	0	31	231	TRUE	388699	0.133299103388034	0.789568384335582	7993	693	8687	26630000	56
20221018 001443	binary	custom	TRUE	TRUE	FALSE	-100	-1	0	0	0	31	3540	TRUE	388699	0.00559225791816757	0.828635769180485	4002	132	9284	26880000	57
20221018 001525	binary	custom	TRUE	TRUE	FALSE	-100	-1	0	0	0	31	170	TRUE	388699	0.0456272760765826	0.276125171453918	7992	971	9318	26170000	58
20221018 001900	binary	custom	TRUE	TRUE	FALSE	-100	-1	0	0	0	31	1373	TRUE	388699	0.0117818884571357	0.333224035408977	3751	1024	9216	27090000	59
20221018 002530	binary	custom	TRUE	TRUE	FALSE	-100	-1	0	0	0	31	3037	TRUE	388699	0.00508386471355431	0.86334231694232	4531	666	9047	26790000	60
20221018 002636	binary	custom	TRUE	TRUE	FALSE	-100	-1	0	0	0	31	306	TRUE	388699	0.0268560574423638	0.336789618085331	4981	229	9027	26590000	61
20221018 002719	binary	custom	TRUE	TRUE	FALSE	-100	-1	0	0	0	31	209	TRUE	388699	0.0398004308452254	0.334277941020124	7990	1024	9348	26430000	62
20221018 002735	binary	custom	TRUE	TRUE	FALSE	-100	-1	0	0	0	31	40	TRUE	388699	0.172622631871182	0.336982775224598	2777	945	9000	26320000	63
20221018 003220	binary	custom	TRUE	TRUE	FALSE	-100	-1	0	0	0	31	1188	TRUE	388699	0.00510202374814143	0.40499819856165	2203	305	9766	26870000	64
20221018 003658	binary	custom	TRUE	TRUE	FALSE	-100	-1	0	0	0	31	1530	TRUE	388699	0.00517463892365853	0.637477971908403	2600	1015	8784	26360000	65
20221018 003743	binary	custom	TRUE	TRUE	FALSE	-100	-1	0	0	0	31	205	TRUE	388699	0.058773796230906	0.441007413507067	6875	16	9584	26600000	66
20221018 004248	binary	custom	TRUE	TRUE	FALSE	-100	-1	0	0	0	31	1431	TRUE	388699	0.00538263032834721	0.33645351438768	1771	661	9420	27080000	67
20221018 004318	binary	custom	TRUE	TRUE	FALSE	-100	-1	0	0	0	31	127	TRUE	388699	0.0356164555159439	0.980413280672272	2842	16	10384	25880000	68
20221018 004418	binary	custom	TRUE	TRUE	FALSE	-100	-1	0	0	0	31	264	TRUE	388699	0.0175062520750232	0.957672042182488	4415	493	9251	25660000	69
20221018 004435	binary	custom	TRUE	TRUE	FALSE	-100	-1	0	0	0	31	100	TRUE	388699	0.153475536027405	0.958270314017669	7919	799	7801	26400000	70
20221018 004608	binary	custom	TRUE	TRUE	FALSE	-100	-1	0	0	0	31	634	TRUE	388699	0.0446793392160809	0.475812963196652	7950	1021	6635	25930000	71
20221018 004621	binary	custom	TRUE	TRUE	FALSE	-100	-1	0	0	0	31	48	TRUE	388699	0.158033077893528	0.742107037127246	7951	890	9035	26010000	72
20221018 005132	binary	custom	TRUE	TRUE	FALSE	-100	-1	0	0	0	31	1449	TRUE	388699	0.00522824878785297	0.556459982868998	2713	79	10283	26560000	73
20221018 005558	binary	custom	TRUE	TRUE	FALSE	-100	-1	0	0	0	31	1092	TRUE	388699	0.00511209610467579	0.345703017903362	2313	592	8216	26530000	74
20221018 005619	binary	custom	TRUE	TRUE	FALSE	-100	-1	0	0	0	31	108	TRUE	388699	0.0805114407200744	0.901867079651149	7999	268	8373	26380000	75
20221018 005645	binary	custom	TRUE	TRUE	FALSE	-100	-1	0	0	0	31	101	TRUE	388699	0.0913106312330746	0.427429413709155	6439	881	8771	26140000	76
20221018 010148	binary	custom	TRUE	TRUE	FALSE	-100	-1	0	0	0	31	1545	TRUE	388699	0.00526993489895	0.551120133502138	4262	659	11473	25860000	77
20221018 010358	binary	custom	TRUE	TRUE	FALSE	-100	-1	0	0	0	31	892	TRUE	388699	0.0214690902542126	0.201665608244678	3564	679	8143	26600000	78
20221018 010422	binary	custom	TRUE	TRUE	FALSE	-100	-1	0	0	0	31	120	TRUE	388699	0.0563423180725304	0.980940145275925	7982	717	7573	25980000	79
20221018 010443	binary	custom	TRUE	TRUE	FALSE	-100	-1	0	0	0	31	127	TRUE	388699	0.151310015863736	0.8081625029566	7996	481	8583	26440000	80
20221018 010759	binary	custom	TRUE	TRUE	FALSE	-100	-1	0	0	0	31	647	TRUE	388699	0.00607701286191435	0.600512022928748	1570	247	7378	25810000	81
20221018 010835	binary	custom	TRUE	TRUE	FALSE	-100	-1	0	0	0	31	173	TRUE	388699	0.0583143009703069	0.413464042469794	7996	285	8480	26720000	82
20221018 011102	binary	custom	TRUE	TRUE	FALSE	-100	-1	0	0	0	31	960	TRUE	388699	0.0127277282443674	0.287083536349507	7952	336	9740	26440000	83
20221018 011616	binary	custom	TRUE	TRUE	FALSE	-100	-1	0	0	0	31	2034	TRUE	388699	0.00614292282187487	0.963394020151682	2713	104	12436	25850000	84
20221018 012505	binary	custom	TRUE	TRUE	FALSE	-100	-1	0	0	0	31	1424	TRUE	388699	0.00504984519511548	0.207534817039899	669	732	9664	27640000	85
20221018 013010	binary	custom	TRUE	TRUE	FALSE	-100	-1	0	0	0	31	1529	TRUE	388699	0.00515656295583031	0.202802131289811	1346	852	9546	27470000	86
20221018 013824	binary	custom	TRUE	TRUE	FALSE	-100	-1	0	0	0	31	2822	TRUE	388699	0.0051321667137066	0.202417598431242	943	781	11785	26830000	87
20221018 013844	binary	custom	TRUE	TRUE	FALSE	-100	-1	0	0	0	31	43	TRUE	388699	0.0898466125553724	0.206017793460299	1107	844	9299	26050000	88
20221018 014623	binary	custom	TRUE	TRUE	FALSE	-100	-1	0	0	0	31	1375	TRUE	388699	0.00788061428926991	0.200480033903732	8	572	9688	26310000	89
20221018 014654	binary	custom	TRUE	TRUE	FALSE	-100	-1	0	0	0	31	164	TRUE	388699	0.155638016688031	0.223166769472169	7289	521	8306	26510000	90
20221018 015017	binary	custom	TRUE	TRUE	FALSE	-100	-1	0	0	0	31	933	TRUE	388699	0.00527921958170669	0.29348017792695	4959	16	8863	26280000	91
20221018 020616	binary	custom	TRUE	TRUE	FALSE	-100	-1	0	0	0	31	1839	TRUE	388699	0.00529587560154741	0.828291792256862	62	749	9590	27300000	92
20221018 020728	binary	custom	TRUE	TRUE	FALSE	-100	-1	0	0	0	31	415	TRUE	388699	0.0191496581935471	0.995097839241454	7564	1024	9283	25920000	93
20221018 020832	binary	custom	TRUE	TRUE	FALSE	-100	-1	0	0	0	31	72	TRUE	388699	0.031330151828527	0.931092305482391	383	757	10221	26840000	94
20221018 021126	binary	custom	TRUE	TRUE	FALSE	-100	-1	0	0	0	31	895	TRUE	388699	0.00531313354112913	0.871771845613466	5804	788	9687	25830000	95
20221018 022438	binary	custom	TRUE	TRUE	FALSE	-100	-1	0	0	0	31	1357	TRUE	388699	0.00505387196405184	0.754501275753667	0	687	8952	25620000	96
20221018 023225	binary	custom	TRUE	TRUE	FALSE	-100	-1	0	0	0	31	2573	TRUE	388699	0.00533040059905486	0.200118876085984	941	886	10104	27320000	97
20221018 024431	binary	custom	TRUE	TRUE	FALSE	-100	-1	0	0	0	31	2156	TRUE	388699	0.00502788450229628	0.243657920377047	781	737	8135	27650000	98
20221018 024827	binary	custom	TRUE	TRUE	FALSE	-100	-1	0	0	0	31	1061	TRUE	388699	0.00518141800949486	0.226034464771286	3130	740	9095	26530000	99
20221018 025503	binary	custom	TRUE	TRUE	FALSE	-100	-1	0	0	0	31	1476	TRUE	388699	0.00668145186425275	0.209542028533842	1243	877	9123	27760000	100
20221018 030115	binary	custom	TRUE	TRUE	FALSE	-100	-1	0	0	0	31	1646	TRUE	388699	0.00551498561603432	0.20896631089606	748	793	7477	26970000	101
20221018 030447	binary	custom	TRUE	TRUE	FALSE	-100	-1	0	0	0	31	505	TRUE	388699	0.00555186242163548	0.200831993666234	592	723	5183	2.5e+07	102
20221018 030530	binary	custom	TRUE	TRUE	FALSE	-100	-1	0	0	0	31	172	TRUE	388699	0.058787473859864	0.247161948594701	1251	615	8379	27170000	103
20221018 030732	binary	custom	TRUE	TRUE	FALSE	-100	-1	0	0	0	31	638	TRUE	388699	0.0272634693171403	0.275535873479549	1234	929	11191	27060000	104
20221018 031514	binary	custom	TRUE	TRUE	FALSE	-100	-1	0	0	0	31	710	TRUE	388699	0.00553997678197223	0.300499325683144	15	752	9053	27260000	105
20221018 031744	binary	custom	TRUE	TRUE	FALSE	-100	-1	0	0	0	31	680	TRUE	388699	0.0119968026709567	0.247935569181502	1146	866	10790	26900000	106
20221018 031802	binary	custom	TRUE	TRUE	FALSE	-100	-1	0	0	0	31	32	TRUE	388699	0.278211895279806	0.304796755273029	7887	880	8365	26150000	107
20221018 031817	binary	custom	TRUE	TRUE	FALSE	-100	-1	0	0	0	31	54	TRUE	388699	0.180176375757526	0.999683138243923	3954	71	7846	26070000	108
20221018 032013	binary	custom	TRUE	TRUE	FALSE	-100	-1	0	0	0	31	227	TRUE	388699	0.0351426667955842	0.246941894589005	9	726	8592	25780000	109
20221018 032031	binary	custom	TRUE	TRUE	FALSE	-100	-1	0	0	0	31	57	TRUE	388699	0.0701304768563458	0.850970117183961	6168	291	13339	23890000	110
20221018 032054	binary	custom	TRUE	TRUE	FALSE	-100	-1	0	0	0	31	131	TRUE	388699	0.125476287028871	0.721745348045044	7212	63	14669	23710000	111
20221018 032923	binary	custom	TRUE	TRUE	FALSE	-100	-1	0	0	0	31	1625	TRUE	388699	0.00505855129374117	0.914730859245692	519	996	9954	26900000	112
20221018 032943	binary	custom	TRUE	TRUE	FALSE	-100	-1	0	0	0	31	57	TRUE	388699	0.217486538213372	0.68258799403403	3667	627	14940	23240000	113
20221018 033522	binary	custom	TRUE	TRUE	FALSE	-100	-1	0	0	0	31	1315	TRUE	388699	0.00501901917132557	0.241940301919664	744	1002	9011	27500000	114
20221018 033546	binary	custom	TRUE	TRUE	FALSE	-100	-1	0	0	0	31	98	TRUE	388699	0.0648769841317296	0.875217603385989	4671	630	7343	25720000	115
20221018 034126	binary	custom	TRUE	TRUE	FALSE	-100	-1	0	0	0	31	1552	TRUE	388699	0.00506096444508595	0.286635917896397	1352	859	8362	27440000	116
20221018 034610	binary	custom	TRUE	TRUE	FALSE	-100	-1	0	0	0	31	812	TRUE	388699	0.00502645037394322	0.880405112731116	895	773	12087	26230000	117
20221018 034631	binary	custom	TRUE	TRUE	FALSE	-100	-1	0	0	0	31	75	TRUE	388699	0.12137944479963	0.993717240500971	3054	1023	9824	25560000	118
20221018 034651	binary	custom	TRUE	TRUE	FALSE	-100	-1	0	0	0	31	67	TRUE	388699	0.161421503350079	0.230662868620031	2078	424	8059	26450000	119
20221018 034714	binary	custom	TRUE	TRUE	FALSE	-100	-1	0	0	0	31	143	TRUE	388699	0.203997256802258	0.200021267283715	7957	16	7774	26300000	120
