Feature	Gain	Cover	Frequency
ctrx_quarter	0.0894678954585164	0.0271759083701261	0.0364814521242866
campo1	0.0817794216186544	0.00197551643626053	0.0012285986049461
rank_mpasivos_margen_pos	0.0344233630733961	0.0151278150169517	0.0321417247939125
rank_mrentabilidad_annual_pos	0.0328380945301545	0.0200777836406657	0.0322606214331008
rank_mcaja_ahorro_pos	0.0324883404058919	0.0232572301858943	0.0410986049461002
rank_mpayroll	0.0245992957435538	0.0169397848351809	0.00745085605580216
rank_mtarjeta_visa_consumo	0.0227956885701205	0.0166896344217436	0.0202124286620165
cliente_edad	0.0212754192347145	0.0202996263311153	0.0263157894736842
rank_cpayroll_trx	0.0209001665499647	0.00874575283980172	0.00457752060875079
rank_mcuenta_corriente_neg	0.0204987035373905	0.0120469007183896	0.016922954977806
Visa_fechaalta	0.0204453719863152	0.0142357263013219	0.0216193722257451
rank_mrentabilidad_pos	0.0202628272123807	0.0106120811425882	0.0199548192771084
numero_de_cliente	0.0198792985468803	0.0216155463187663	0.02625634115409
rank_mcuentas_saldo_pos	0.0196966491231104	0.0274801964098273	0.0215401077996195
Master_fechaalta	0.018217847924129	0.0161600583022144	0.0236406150919467
campo8	0.0160912781516089	0.00645707406726658	0.00251664552948637
Master_mfinanciacion_limite	0.0157228512908754	0.0121501698495982	0.0209456246036779
rank_Master_Fvencimiento_neg	0.0146772160586285	0.0145108568394585	0.0175570703868104
cliente_antiguedad	0.0143830190182833	0.0164301027893639	0.0205096702599873
rank_Visa_Fvencimiento_neg	0.0136965797077058	0.00795506542524141	0.0159519657577679
Visa_mconsumospesos	0.0134011200303344	0.0123148417932202	0.0205096702599873
rank_mactivos_margen_neg	0.0129155071202673	0.0113119390063938	0.0164077362079899
chomebanking_transacciones	0.0126614238114858	0.013689701497459	0.0167049778059607
rank_mprestamos_personales	0.012604008307379	0.0204348315715618	0.00568722257450856
rank_mcuentas_saldo_neg	0.0124866891877546	0.0136653902578772	0.0132767913760304
rank_mtransferencias_recibidas	0.0119944103510958	0.0135856751378155	0.0176561509194673
rank_Visa_mpagominimo	0.011992488201925	0.00973216277063557	0.0178543119847812
rank_mcomisiones_pos	0.0117285633906799	0.0116157600885602	0.0170220355104629
rank_mcomisiones_otras_pos	0.0116178953077156	0.0104229822717069	0.0147431832593532
rank_mactivos_margen_pos	0.0115179061593053	0.0159745857141708	0.0118698478123018
ctarjeta_visa_transacciones	0.011381263189771	0.0165423093195156	0.0211239695624604
rank_mcomisiones_mantenimiento_pos	0.0105703787816235	0.0103526694047107	0.00929375396322131
ctarjeta_master	0.0103770861955556	0.000748581306760595	0.00077282815472416
rank_cprestamos_personales	0.00976419259028966	0.0104188574801495	0.00317057704502219
Master_mlimitecompra	0.00912316058340894	0.00816601664670378	0.0124643310082435
ccomisiones_otras	0.00899120707657228	0.0108606014114784	0.0133164235890932
rank_Visa_mlimitecompra	0.0088027707868573	0.00708820293355218	0.0119491122384274
cproductos	0.00870293035603824	0.00894283836725791	0.0109979391249207
rank_mcaja_ahorro_dolares_pos	0.00837655988447799	0.00879249907517693	0.0125039632213063
mautoservicio	0.00834295304365342	0.0170426227668642	0.0191423589093215
Visa_cconsumos	0.00829977900672123	0.00702490494663955	0.0110772035510463
rank_Visa_mpagospesos_neg	0.00813947813324313	0.00755989735288988	0.0139109067850349
rank_mtransferencias_emitidas	0.00802999150685022	0.0130349618278937	0.0156349080532657
Visa_status	0.00780130550640314	0.00832551629943356	0.00217977171845276
rank_mttarjeta_visa_debitos_automaticos	0.00729292189800014	0.00594707019936476	0.0086001902346227
campo7	0.00675896131937888	0.00257194530952126	0.00271480659480025
rank_Visa_mfinanciacion_limite	0.0067491697469732	0.00617824362686102	0.00909559289790742
rank_Visa_msaldototal_pos	0.00646211710877904	0.00566824606919617	0.0126823081800888
rank_Visa_mconsumototal_pos	0.00645535930606814	0.00531953816814448	0.00911540900443881
rank_Visa_msaldopesos_pos	0.00641884971350586	0.00687159563636429	0.0138118262523779
ctarjeta_debito_transacciones	0.00634268034821834	0.0142352088618915	0.016209575142676
rank_ctransferencias_recibidas	0.00601174128769763	0.00849078140532944	0.0105619847812302
rank_mcuenta_debitos_automaticos	0.00554127108781403	0.00882398084735389	0.00788681039949271
rank_cdescubierto_preacordado	0.00552197701851298	0.00551492834527163	0.00204105897273304
Master_mpagospesos	0.00484164269414104	0.01195949552289	0.00727251109701966
ctarjeta_debito	0.0048049604977559	0.00511189771767206	0.00533053265694356
cmobile_app_trx	0.00422035473124998	0.00254284460008929	0.00416138237159163
rank_Visa_mconsumosdolares	0.00399548957367866	0.00695405570950208	0.00693563728598605
Master_mconsumospesos	0.00386775748894384	0.00602942510188661	0.00499365884590996
rank_mpagomiscuentas	0.00386634149082994	0.00778586693830919	0.00717343056436272
ctransferencias_emitidas	0.00384842632136536	0.00439387688849275	0.00671766011414077
mextraccion_autoservicio	0.00362069996012274	0.0070240088929917	0.00816423589093215
ccallcenter_transacciones	0.00361559686408569	0.0130422985300621	0.00519181991122384
rank_mrentabilidad_annual_neg	0.00340746795786933	0.00707678771489751	0.0049143944197844
cextraccion_autoservicio	0.00329286776467795	0.0119761924098775	0.00867945466074826
Master_status	0.00324163037712601	0.00547437245235094	0.00146639188332276
rank_mtarjeta_master_consumo	0.00317958248540819	0.00796221913053798	0.00315076093849081
thomebanking	0.00316892479444342	0.00243259003656957	0.0026355421686747
ccaja_seguridad	0.00314132424983874	0.00622977722867405	0.000951173113506658
internet	0.00308548816627851	0.00798621275485966	0.00194197844007609
rank_Master_mpagominimo	0.00304789370864579	0.00194875051450254	0.00392358909321497
ctarjeta_visa_debitos_automaticos	0.00297375987912016	0.00358666717016749	0.00374524413443247
rank_cpagomiscuentas	0.00287489259896234	0.00535985006523618	0.00523145212428662
ccajas_transacciones	0.00287186316183871	0.00187754159385854	0.000931357006975269
rank_matm	0.00285495070513588	0.00532161633951555	0.00651949904882689
rank_mrentabilidad_neg	0.00264539312078616	0.00607899411659378	0.0036857958148383
ccomisiones_mantenimiento	0.00259048214781084	0.00772255002068569	0.00410193405199746
ccajas_consultas	0.00245858685151557	0.00756284423354866	0.00138712745719721
tcallcenter	0.00241948314960546	0.00299370051358367	0.00247701331642359
rank_Visa_fultimo_cierre_pos	0.00241301665532417	0.00257149728269733	0.00364616360177552
ccuenta_debitos_automaticos	0.00237126438510013	0.00584123700853937	0.00324984147114775
Master_cconsumos	0.00211479759465713	0.00234984179594409	0.00291296766011414
rank_Master_msaldototal_pos	0.00205403563485038	0.00182636767555205	0.00364616360177552
rank_Master_fultimo_cierre_pos	0.00192426174600744	0.00141533146066675	0.00249682942295498
rank_Master_msaldopesos_pos	0.00169598956514762	0.00122138212097804	0.00261572606214331
rank_mplazo_fijo_dolares	0.00154203293058432	0.00766064449272818	0.00194197844007609
catm_trx	0.00153966367095845	0.00464537138240189	0.00358671528218136
ctarjeta_master_transacciones	0.00145437559041378	0.003892316117639	0.0021005072923272
campo5	0.00145325275937193	0.00197948347189397	0.00130786303107166
tmobile_app	0.00144020465746022	0.00393919907481493	0.000852092580849715
ccaja_ahorro	0.00143536700842643	0.00476796876940891	0.00206087507926443
rank_Visa_mpagado	0.00133407133726534	0.00283849602880908	0.00174381737476221
campo3	0.00127470249419402	0.00220650476347273	0.00114933417882055
catm_trx_other	0.00123501686475956	0.00433991805227604	0.00303186429930247
rank_matm_other	0.0011064682190896	0.00216806069652021	0.00166455294863665
rank_Visa_msaldodolares_pos	0.00098061955822305	0.0033823921794053	0.00267517438173748
rank_Master_mconsumototal_pos	0.000914474210084808	0.000894145852877671	0.00162492073557387
rank_mttarjeta_master_debitos_automaticos	0.00084429475967694	0.00337276065439707	0.00132767913760304
rank_Master_msaldototal_neg	0.000831939378943405	0.00604423312461166	0.00114933417882055
minversion2	0.000826790964607568	0.00922176556463013	0.000812460367786937
rank_mcuenta_corriente_pos	0.000773151288944965	0.0028880376991561	0.00126823081800888
rank_mcheques_depositados	0.000761972408474249	0.00467057867563157	0.000792644261255549
ctarjeta_visa	0.00074312878633179	0.00187997734532382	0.00136731135066582
mcaja_ahorro_adicional	0.000730171148860376	0.00474218303779153	0.00103043753963221
campo6	0.000717012328204485	0.0016226858470638	0.0012285986049461
rank_mtarjeta_visa_descuentos	0.000633221730616198	0.00281067629747932	0.000753012048192771
cseguro_accidentes_personales	0.000615207019050271	0.00081823580570093	0.000951173113506658
rank_Visa_mpagosdolares	0.000597291820885179	0.00141703101782042	0.00190234622701332
active_quarter	0.000565989516958911	0.00065774123894431	0.000653931515535828
rank_Master_mpagado	0.000548871158389284	0.000560191285830738	0.000713379835129994
rank_Visa_msaldopesos_neg	0.000531798827998285	0.00474301388565749	0.000673747622067216
rank_Master_msaldopesos_neg	0.000509767873694167	0.00512679198030218	0.000812460367786937
cseguro_vivienda	0.000500250444385983	0.000681596038052942	0.000673747622067216
rank_Visa_msaldototal_neg	0.000482655966711345	0.0036676380273835	0.000554850982878884
mprestamos_prendarios	0.00047465508629421	0.00815678687344845	0.000693563728598605
ccajas_depositos	0.000453182686277459	0.00230192395990725	0.000475586556753329
ccajas_extracciones	0.000432590189523178	0.00714956788454373	0.000693563728598605
rank_mcomisiones_otras_neg	0.000423628274256023	0.00341760119821135	0.000673747622067216
rank_mcomisiones_neg	0.000410182406402802	0.00298928965795093	0.000634115409004439
rank_Visa_Finiciomora	0.000396895872074056	0.00491922304584861	0.000574667089410273
ccajas_otras	0.000373013612729557	0.00273042060045173	0.000435954343690552
rank_Master_mconsumosdolares	0.000357402106919116	0.000142806972567	0.000634115409004439
rank_ccheques_depositados	0.000348234245381328	0.0017609746899698	0.000356689917564997
rank_mpasivos_margen_neg	0.000346740975092054	0.00412739558181145	0.000713379835129994
tcuentas	0.000314005799588722	0.00217945908787632	0.000416138237159163
campo4	0.000309823583062438	0.00135906097431157	0.00061429930247305
mforex_sell	0.000301890607090647	0.00215747422231919	0.000416138237159163
rank_Master_mpagosdolares	0.000286126484055135	0.000190737429077748	0.000574667089410273
cseguro_vida	0.000269940873839967	0.00205928483186068	0.000515218769816107
rank_mcajeros_propios_descuentos	0.000242982105640716	0.00255191451400838	0.000970989220038047
campo2	0.000218336831314802	0.000374466288308925	0.000257609384908053
ccajeros_propios_descuentos	0.000212916014656678	0.00132290752337433	0.000653931515535828
Visa_delinquency	0.00021091556772613	0.00108031677381109	0.00103043753963221
minversion1_pesos	0.000210516304479993	0.00305489929500203	0.000257609384908053
mcheques_emitidos	0.000205375928690745	0.0015899756820926	0.000237793278376665
rank_mcomisiones_mantenimiento_neg	0.000201053525355435	0.00225219718927617	0.000277425491439442
ccheques_emitidos	0.000190544859171457	0.00131203077827331	0.000198161065313887
Visa_madelantopesos	0.000177951452739186	0.000520987887031101	0.000792644261255549
ctarjeta_master_debitos_automaticos	0.000175866671080028	0.000370415116182726	0.000297241597970831
mforex_buy	0.0001532666773912	0.000995633393852222	0.000178344958782498
rank_Visa_mconsumototal_neg	0.00014074680374107	0.00393265535909084	0.00045577045022194
cplazo_fijo	0.000140438671020411	0.00132982774990351	0.000257609384908053
ctarjeta_visa_descuentos	0.000127067321177638	0.00135773582455066	0.000217977171845276
Visa_cadelantosefectivo	0.000109859149123074	0.000456962119456138	0.000237793278376665
cforex	0.000108232222921226	0.000629820543823246	0.000217977171845276
cinversion1	0.000105025663354006	0.00206003995688316	0.000198161065313887
rank_Visa_mpagospesos_pos	8.22100227150548e-05	0.000112772348065443	0.000178344958782498
Master_delinquency	7.94994775799645e-05	0.000875013214424967	0.000574667089410273
rank_Master_Finiciomora_pos	7.68940132939519e-05	0.00177315765412086	0.000178344958782498
cforex_buy	7.46565356265128e-05	0.00118336294331394	0.000138712745719721
cseguro_auto	6.89685355438652e-05	0.000596914761506393	9.90805326569436e-05
rank_Master_msaldodolares_pos	6.56265558167381e-05	0.000373862608973401	0.000336873811033608
Visa_madelantodolares	6.38884315783688e-05	0.000161426378413893	0.000336873811033608
cprestamos_hipotecarios	5.81465660483191e-05	0.00327825644232126	0.000198161065313887
Master_madelantopesos	3.83089437763691e-05	6.3594568049588e-05	0.000257609384908053
mtarjeta_master_descuentos	3.78843581639787e-05	0.000553670707642151	9.90805326569436e-05
rank_Master_msaldodolares_neg	3.72075247552206e-05	9.87657254338957e-05	5.94483195941661e-05
cprestamos_prendarios	3.45810991399116e-05	0.000738329275118282	7.92644261255549e-05
rank_Master_Finiciomora_neg	2.72197554777357e-05	0.00071516229183793	7.92644261255549e-05
Master_madelantodolares	1.89736944124869e-05	2.45236842260418e-05	9.90805326569436e-05
mprestamos_hipotecarios	1.55949127702111e-05	0.00171322933374312	9.90805326569436e-05
ctarjeta_master_descuentos	1.21423969129418e-05	7.5260092770201e-06	1.98161065313887e-05
cforex_sell	1.21266717157531e-05	0.000161533652442156	5.94483195941661e-05
cinversion2	1.14354749258137e-05	4.60899707317117e-05	3.96322130627774e-05
rank_Visa_msaldodolares_neg	4.77844727395612e-06	0.000153629028947735	1.98161065313887e-05
rank_Visa_Fvencimiento_pos	1.18773012543266e-08	1.2103034482944e-05	3.96322130627774e-05
rank_Master_Fvencimiento_pos	4.81944646752019e-13	9.83345259085215e-06	1.98161065313887e-05
