fecha	objective	metric	first_metric_only	boost_from_average	feature_pre_filter	verbosity	num_iterations	force_row_wise	seed	learning_rate	feature_fraction	min_data_in_leaf	num_leaves	envios	max_depth	min_gain_to_split	lambda_l1	lambda_l2	max_bin	ganancia	iteracion
20220928 220503	binary	custom	TRUE	TRUE	FALSE	-100	11	TRUE	388699	0.0832800124207861	0.730962860579602	3400	551	10879	9	355	29.586812472844	27.5090827757958	62	19690000	1
20220928 220510	binary	custom	TRUE	TRUE	FALSE	-100	4	TRUE	388699	0.203584398508508	0.806856267033145	4652	717	11272	12	579	33.6586185486522	13.8852809290984	67	16340000	2
20220928 220521	binary	custom	TRUE	TRUE	FALSE	-100	21	TRUE	388699	0.120822864623391	0.693862418797798	5088	684	9185	11	71	32.0661661538179	20.4320023898617	47	21550000	3
20220928 220532	binary	custom	TRUE	TRUE	FALSE	-100	8	TRUE	388699	0.184491101641383	0.441122647388838	7384	247	6753	8	547	19.6262111666147	16.7181305366103	72	17140000	4
20220928 220542	binary	custom	TRUE	TRUE	FALSE	-100	16	TRUE	388699	0.0644655535965867	0.704899523933418	4182	476	12734	16	478	21.1065106812748	44.3193807784701	24	18700000	5
20220928 220548	binary	custom	TRUE	TRUE	FALSE	-100	3	TRUE	388699	0.266910674819228	0.67397938192822	5582	295	8126	6	620	25.1778932838351	39.8717177778599	38	17990000	6
20220928 220556	binary	custom	TRUE	TRUE	FALSE	-100	6	TRUE	388699	0.0979126125112234	0.75540169490967	1321	328	7617	5	819	47.4772235925775	34.9994312445051	64	18050000	7
20220928 220615	binary	custom	TRUE	TRUE	FALSE	-100	16	TRUE	388699	0.0573322891984135	0.542151720141992	5768	506	13229	3	421	9.19437619420933	18.5034244362032	70	18910000	8
20220928 220622	binary	custom	TRUE	TRUE	FALSE	-100	6	TRUE	388699	0.135909384144732	0.656910121850669	2045	808	10112	8	716	8.62802560121054	26.8072469750768	83	18580000	9
20220928 220629	binary	custom	TRUE	TRUE	FALSE	-100	4	TRUE	388699	0.220630525536137	0.945825159195811	5371	191	11090	10	676	26.8489759322256	16.2468872172758	28	17100000	10
20220928 220637	binary	custom	TRUE	TRUE	FALSE	-100	4	TRUE	388699	0.10406042516997	0.841631922386587	3125	279	14591	11	928	45.2645649353508	25.5898507998791	34	15700000	11
20220928 220646	binary	custom	TRUE	TRUE	FALSE	-100	3	TRUE	388699	0.27432881613489	0.562961786594242	2893	531	10307	2	666	14.3777682638029	5.76496916008182	94	16110000	12
20220928 220654	binary	custom	TRUE	TRUE	FALSE	-100	10	TRUE	388699	0.111876499150472	0.773400372001342	270	241	8740	17	431	31.0477077498217	30.1540852693142	51	18920000	13
20220928 220701	binary	custom	TRUE	TRUE	FALSE	-100	4	TRUE	388699	0.284917432478484	0.611579393795691	5889	835	13708	7	159	38.2046441992861	6.47550612717168	90	15230000	14
20220928 225701	binary	custom	TRUE	TRUE	FALSE	-100	14	TRUE	388699	0.0832800124207861	0.730962860579602	3400	551	10879	9	355	29.586812472844	27.5090827757958	63	19530000	15
20220928 225708	binary	custom	TRUE	TRUE	FALSE	-100	4	TRUE	388699	0.203584398508508	0.806856267033145	4652	717	11272	12	579	33.6586185486522	13.8852809290984	68	16340000	16
20220928 225717	binary	custom	TRUE	TRUE	FALSE	-100	20	TRUE	388699	0.120822864623391	0.693862418797798	5088	684	9185	11	71	32.0661661538179	20.4320023898617	48	21550000	17
20220928 225727	binary	custom	TRUE	TRUE	FALSE	-100	8	TRUE	388699	0.184491101641383	0.441122647388838	7384	247	6753	8	547	19.6262111666147	16.7181305366103	73	17060000	18
20220928 225738	binary	custom	TRUE	TRUE	FALSE	-100	16	TRUE	388699	0.0644655535965867	0.704899523933418	4182	476	12734	16	478	21.1065106812748	44.3193807784701	25	18540000	19
20220928 225744	binary	custom	TRUE	TRUE	FALSE	-100	3	TRUE	388699	0.266910674819228	0.67397938192822	5582	295	8126	6	620	25.1778932838351	39.8717177778599	39	17110000	20
20220928 225752	binary	custom	TRUE	TRUE	FALSE	-100	5	TRUE	388699	0.0979126125112234	0.75540169490967	1321	328	7617	5	819	47.4772235925775	34.9994312445051	65	17890000	21
20220928 225811	binary	custom	TRUE	TRUE	FALSE	-100	16	TRUE	388699	0.0573322891984135	0.542151720141992	5768	506	13229	3	421	9.19437619420933	18.5034244362032	70	18910000	22
20220928 225819	binary	custom	TRUE	TRUE	FALSE	-100	6	TRUE	388699	0.135909384144732	0.656910121850669	2045	808	10112	8	716	8.62802560121054	26.8072469750768	83	18580000	23
20220928 225839	binary	custom	TRUE	TRUE	FALSE	-100	4	TRUE	388699	0.220630525536137	0.945825159195811	5371	191	11090	10	676	26.8489759322256	16.2468872172758	29	16700000	24
20220928 225847	binary	custom	TRUE	TRUE	FALSE	-100	3	TRUE	388699	0.10406042516997	0.841631922386587	3125	279	14591	11	928	45.2645649353508	25.5898507998791	36	16500000	25
20220928 225856	binary	custom	TRUE	TRUE	FALSE	-100	3	TRUE	388699	0.27432881613489	0.562961786594242	2893	531	10307	2	666	14.3777682638029	5.76496916008182	94	16110000	26
20220928 225904	binary	custom	TRUE	TRUE	FALSE	-100	10	TRUE	388699	0.111876499150472	0.773400372001342	270	241	8740	17	431	31.0477077498217	30.1540852693142	52	1.9e+07	27
20220928 225912	binary	custom	TRUE	TRUE	FALSE	-100	4	TRUE	388699	0.284917432478484	0.611579393795691	5889	835	13708	7	159	38.2046441992861	6.47550612717168	91	15070000	28
20220928 230049	binary	custom	TRUE	TRUE	FALSE	-100	86	TRUE	388699	0.00574726106866729	0.239334934027866	53	383	9834	19	904	22.5396941820509	24.5246441851486	3	16260000	29
20220928 230105	binary	custom	TRUE	TRUE	FALSE	-100	13	TRUE	388699	0.0425083587558765	0.596848939922638	2501	614	8477	-1	284	39.6931677579414	36.057689548179	75	19290000	30
20220928 230112	binary	custom	TRUE	TRUE	FALSE	-100	5	TRUE	388699	0.163412822876417	0.839017828917131	7499	736	12776	13	745	21.7557199075236	43.3267879404593	19	17810000	31
20220928 230123	binary	custom	TRUE	TRUE	FALSE	-100	6	TRUE	388699	0.151488250520575	0.395674048140645	3604	880	11744	14	794	36.9560053857276	40.0343256950146	87	18280000	32
20220928 230133	binary	custom	TRUE	TRUE	FALSE	-100	4	TRUE	388699	0.208918527358473	0.464297024635598	2226	369	6284	15	843	17.886486419884	19.371714577137	15	17440000	33
20220928 230140	binary	custom	TRUE	TRUE	FALSE	-100	11	TRUE	388699	0.257573794921627	0.931362424087711	2691	761	12009	1	114	17.3916208260925	32.6165665435838	58	18870000	34
20220928 230151	binary	custom	TRUE	TRUE	FALSE	-100	8	TRUE	388699	0.126726038164488	0.219350609974936	6708	209	9361	2	324	1.08510605263291	11.3107419671724	32	17600000	35
20220928 230159	binary	custom	TRUE	TRUE	FALSE	-100	8	TRUE	388699	0.144685844892345	0.979383218884468	3984	436	11948	7	256	49.799104865815	1.14209974737605	21	18270000	36
20220928 230210	binary	custom	TRUE	TRUE	FALSE	-100	8	TRUE	388699	0.227883899451524	0.304019518550485	7974	776	6509	4	400	34.9474675091915	4.06877671426628	36	16670000	37
20220928 230309	binary	custom	TRUE	TRUE	FALSE	-100	186	TRUE	388699	0.0165811686823436	0.426514882864431	7176	417	5855	16	45	12.6965455221944	22.5851248740219	43	21490000	38
20220928 230324	binary	custom	TRUE	TRUE	FALSE	-100	31	TRUE	388699	0.179164546404005	0.3701664484106	1453	29	8820	13	14	27.6710515795276	47.0723528703093	98	23800000	39
20220928 230343	binary	custom	TRUE	TRUE	FALSE	-100	20	TRUE	388699	0.0518754591248871	0.482250453229062	1191	966	13283	0	633	5.22588358697249	49.3398146814434	27	19120000	40
20220928 230350	binary	custom	TRUE	TRUE	FALSE	-100	4	TRUE	388699	0.173985358177073	0.875684216208756	929	663	10575	19	216	11.3582363288151	12.5668886833591	9	18850000	41
20220928 230359	binary	custom	TRUE	TRUE	FALSE	-100	6	TRUE	388699	0.0881708973117638	0.987785382079892	1967	993	5104	-1	896	42.6427522717859	9.15143463731511	79	16920000	42
20220928 230412	binary	custom	TRUE	TRUE	FALSE	-100	5	TRUE	388699	0.157644724167098	0.516065402659588	4489	80	12273	1	766	40.7391519693192	36.7838242001017	45	17460000	43
20220928 230434	binary	custom	TRUE	TRUE	FALSE	-100	36	TRUE	388699	0.0375385348955169	0.295947152357548	712	1003	7844	10	455	44.7125974553637	10.7175341539551	60	18960000	44
20220928 230441	binary	custom	TRUE	TRUE	FALSE	-100	3	TRUE	388699	0.24433905607232	0.636252578957938	4375	850	14492	4	872	7.39134427858517	8.33367153652944	12	15260000	45
20220928 230448	binary	custom	TRUE	TRUE	FALSE	-100	11	TRUE	388699	0.218298030755221	0.790429158089683	6912	930	5461	19	89	2.65344054583693	41.2598519431776	49	20200000	46
20220928 230503	binary	custom	TRUE	TRUE	FALSE	-100	9	TRUE	388699	0.0729428198069218	0.53414853063412	500	58	7492	13	180	2.21488296840107	2.63278320198879	82	21740000	47
20220928 230522	binary	custom	TRUE	TRUE	FALSE	-100	3	TRUE	388699	0.19565896095871	0.408996916050091	6321	99	5602	18	990	47.9302392635145	32.0676437803195	92	13040000	48
20220928 230529	binary	custom	TRUE	TRUE	FALSE	-100	6	TRUE	388699	0.253358209576982	0.897735663978383	3240	451	7211	15	242	42.2178918079589	48.7481439436669	9	19260000	49
20220928 230539	binary	custom	TRUE	TRUE	FALSE	-100	10	TRUE	388699	0.291049409244937	0.274406021013856	7794	158	14146	5	135	10.7901890852372	38.6263112659799	56	17710000	50
20220928 230612	binary	custom	TRUE	TRUE	FALSE	-100	43	TRUE	388699	0.0264529180627433	0.255536305299029	4922	645	14862	20	349	16.1033702234272	45.7861203316133	5	1.5e+07	51
20220928 230622	binary	custom	TRUE	TRUE	FALSE	-100	8	TRUE	388699	0.296982648841455	0.354042398328893	6563	914	6020	3	974	4.51996379182674	28.8514454491087	100	11560000	52
20220928 230632	binary	custom	TRUE	TRUE	FALSE	-100	8	TRUE	388699	0.233924918548	0.32607917947229	1757	139	13815	17	523	36.0806628223509	1.6090734678437	24	13810000	53
20220928 230648	binary	custom	TRUE	TRUE	FALSE	-100	30	TRUE	388699	0.029476127303089	0.918015629928559	6139	574	9572	9	566	24.1512949124444	21.3409303026856	77	19020000	54
20220928 230739	binary	custom	TRUE	TRUE	FALSE	-100	227	TRUE	388699	0.126642858465417	0.596574595504534	2215	103	7994	12	0	14.3208155505788	41.5075572865186	82	26580000	55
20220928 230756	binary	custom	TRUE	TRUE	FALSE	-100	37	TRUE	388699	0.114185398417931	0.872308196526873	2496	107	7626	11	0	7.85416623403128	44.8728718926867	73	26430000	56
20220928 230827	binary	custom	TRUE	TRUE	FALSE	-100	106	TRUE	388699	0.110774340427987	0.621311373256962	2023	143	7593	12	0	5.63177594637047	44.953181098376	70	26980000	57
20220928 230850	binary	custom	TRUE	TRUE	FALSE	-100	79	TRUE	388699	0.109943932347739	0.509597932319145	979	29	7848	4	0	1.10301015184274	40.4679990288218	68	26150000	58
20220928 230919	binary	custom	TRUE	TRUE	FALSE	-100	59	TRUE	388699	0.110503471310154	0.568340522815547	167	502	7049	10	0	6.86728394282811	39.8534969313398	76	26390000	59
20220928 230952	binary	custom	TRUE	TRUE	FALSE	-100	93	TRUE	388699	0.0955967768243248	0.571024769844749	2194	502	7697	9	0	0.648461378527719	46.1166773455946	97	27090000	60
20220928 231046	binary	custom	TRUE	TRUE	FALSE	-100	253	TRUE	388699	0.0716312471150441	0.39207664314753	1221	519	7867	10	0	6.56251463041301	47.5534929859749	89	26670000	61
20220928 231109	binary	custom	TRUE	TRUE	FALSE	-100	138	TRUE	388699	0.0780290554985709	0.67172966090357	1408	241	9531	9	1	4.98460464567657	47.6901389335858	94	26940000	62
20220928 231143	binary	custom	TRUE	TRUE	FALSE	-100	155	TRUE	388699	0.0984769488742309	0.606016121069464	2680	271	8080	10	0	5.01802509106467	49.5917754825313	74	26960000	63
20220928 231208	binary	custom	TRUE	TRUE	FALSE	-100	37	TRUE	388699	0.0732607220023671	0.61180705806873	710	329	8104	12	0	2.89233688717538	38.6989163070812	89	25960000	64
20220928 231244	binary	custom	TRUE	TRUE	FALSE	-100	135	TRUE	388699	0.112651156389399	0.509315992242156	1537	501	9806	8	0	3.58054355784673	45.3890568762654	94	26470000	65
20220928 231302	binary	custom	TRUE	TRUE	FALSE	-100	56	TRUE	388699	0.113266297473704	0.566276280516994	1552	500	7361	9	5	12.0993000800311	49.8251804534666	98	25200000	66
20220928 231333	binary	custom	TRUE	TRUE	FALSE	-100	182	TRUE	388699	0.0890883277439665	0.647578265863872	3087	416	8529	8	0	6.98573680858498	44.5522575509938	57	27030000	67
20220928 231357	binary	custom	TRUE	TRUE	FALSE	-100	58	TRUE	388699	0.0761788356815462	0.498093552118749	1318	130	8243	9	25	0.17368653307386	44.770015750637	75	24400000	68
20220928 231419	binary	custom	TRUE	TRUE	FALSE	-100	64	TRUE	388699	0.0946743869775432	0.384548065309296	7264	718	7595	13	0	1.6294864649648	42.7740895402071	95	26170000	69
20220928 231458	binary	custom	TRUE	TRUE	FALSE	-100	140	TRUE	388699	0.0508911906395095	0.520931299519973	3475	662	7316	4	0	3.55738760519842	43.0172002971832	86	25930000	70
20220928 231514	binary	custom	TRUE	TRUE	FALSE	-100	35	TRUE	388699	0.182562319035703	0.36211519749963	6871	374	7245	9	0	6.51721969861833	38.9572229851167	64	25910000	71
20220928 231533	binary	custom	TRUE	TRUE	FALSE	-100	49	TRUE	388699	0.130460930376707	0.239629295342609	4020	584	8007	13	0	0.366032096943844	41.9499722789765	81	26470000	72
20220928 231621	binary	custom	TRUE	TRUE	FALSE	-100	234	TRUE	388699	0.0770128410797602	0.501741649914277	6230	162	12217	10	0	0.0064941929681834	47.7509721305268	91	25410000	73
20220928 231658	binary	custom	TRUE	TRUE	FALSE	-100	231	TRUE	388699	0.0841592478988981	0.581153979164335	7479	230	6742	12	0	28.2368582800264	43.3325470515526	43	25640000	74
20220928 231730	binary	custom	TRUE	TRUE	FALSE	-100	100	TRUE	388699	0.141978001623827	0.470772405227727	3025	497	7281	11	0	14.4302411515563	30.5256866141237	29	2.6e+07	75
20220928 231805	binary	custom	TRUE	TRUE	FALSE	-100	167	TRUE	388699	0.102528802507597	0.388472694546297	3177	479	7450	15	0	22.2299073887824	40.7879265204873	11	26300000	76
20220928 231826	binary	custom	TRUE	TRUE	FALSE	-100	57	TRUE	388699	0.124234232073953	0.456403102740926	2675	991	7604	11	0	24.3078268852232	38.6381815344452	55	2.6e+07	77
20220928 231907	binary	custom	TRUE	TRUE	FALSE	-100	218	TRUE	388699	0.0774211547528128	0.532355916626792	2379	682	9600	18	0	27.9801457035916	46.7569343292187	54	25920000	78
20220928 231937	binary	custom	TRUE	TRUE	FALSE	-100	154	TRUE	388699	0.116097396028184	0.290349457964815	2310	419	6948	17	0	38.249121074652	32.6721287371149	68	25550000	79
20220928 231956	binary	custom	TRUE	TRUE	FALSE	-100	60	TRUE	388699	0.191903752805392	0.411209694537159	2908	268	5318	14	0	21.8950532141388	32.0170643590013	38	23770000	80
20220928 232056	binary	custom	TRUE	TRUE	FALSE	-100	353	TRUE	388699	0.125011161409163	0.513270340375905	5854	758	8297	3	0	0.155617130955858	46.3035737216222	12	26290000	81
20220928 232143	binary	custom	TRUE	TRUE	FALSE	-100	301	TRUE	388699	0.125288535057051	0.425194371399942	6883	476	9030	4	0	7.39470442045017	38.3135793247121	17	26020000	82
20220928 232200	binary	custom	TRUE	TRUE	FALSE	-100	48	TRUE	388699	0.142686265797267	0.583996622250532	5367	708	8293	5	0	0.149211376482036	39.30696383727	30	26140000	83
20220928 232226	binary	custom	TRUE	TRUE	FALSE	-100	73	TRUE	388699	0.0948384867484107	0.285225142164285	1067	878	7900	10	0	4.36855718432273	45.8754558476378	70	27080000	84
20220928 232251	binary	custom	TRUE	TRUE	FALSE	-100	72	TRUE	388699	0.0906703274435785	0.280744774796422	1359	882	6584	9	0	6.33366059538713	43.6526285833171	69	26280000	85
20220928 232325	binary	custom	TRUE	TRUE	FALSE	-100	143	TRUE	388699	0.0884195753217717	0.405034815112142	2372	598	8616	8	0	4.07102552566347	46.8238015634188	84	26690000	86
20220928 232346	binary	custom	TRUE	TRUE	FALSE	-100	63	TRUE	388699	0.137325688595116	0.458209879047531	6186	185	9646	17	0	32.7905258013393	35.8355168518987	11	25110000	87
20220928 232406	binary	custom	TRUE	TRUE	FALSE	-100	102	TRUE	388699	0.0901054296780804	0.873278256501395	2367	32	10891	4	0	40.2845974140044	47.1849784962792	81	25100000	88
20220928 232431	binary	custom	TRUE	TRUE	FALSE	-100	90	TRUE	388699	0.105512382661792	0.465046581565217	1105	785	7651	17	0	42.4847218933056	19.8034335096774	47	25660000	89
20220928 232510	binary	custom	TRUE	TRUE	FALSE	-100	227	TRUE	388699	0.0933588631062618	0.491385939580598	7481	489	7524	8	0	35.168954725709	22.1011363246347	20	25520000	90
20220928 232540	binary	custom	TRUE	TRUE	FALSE	-100	159	TRUE	388699	0.129503117497559	0.215233113355023	4226	292	7828	13	0	15.0372492464476	17.5076652873405	20	26190000	91
20220928 232608	binary	custom	TRUE	TRUE	FALSE	-100	109	TRUE	388699	0.12745482902295	0.427435895605468	2342	135	7705	8	0	11.1217770730387	19.4668767772411	80	25950000	92
20220928 232634	binary	custom	TRUE	TRUE	FALSE	-100	94	TRUE	388699	0.116259832361554	0.402190270066815	3335	391	7333	9	0	18.9893124565899	8.5184901051497	42	25500000	93
20220928 232655	binary	custom	TRUE	TRUE	FALSE	-100	59	TRUE	388699	0.218461936663314	0.352105654677132	2499	917	7782	8	0	0.561758566342543	19.2279906621559	64	25240000	94
20220928 232716	binary	custom	TRUE	TRUE	FALSE	-100	104	TRUE	388699	0.212445551683715	0.228741076123206	1909	271	7887	7	0	43.4739130278469	16.7071438989333	49	24550000	95
20220928 232743	binary	custom	TRUE	TRUE	FALSE	-100	82	TRUE	388699	0.101376173286089	0.25834534998602	4234	993	7775	17	0	4.15991017811143	24.1902102899063	10	26530000	96
20220928 232819	binary	custom	TRUE	TRUE	FALSE	-100	172	TRUE	388699	0.089413546434042	0.285880680604047	3412	876	10032	13	0	12.5005364199116	16.6328138669821	54	26180000	97
20220928 232910	binary	custom	TRUE	TRUE	FALSE	-100	318	TRUE	388699	0.102396523361834	0.36783538766644	6682	897	7770	11	0	1.60901657244479	18.0424381119517	32	26940000	98
20220928 232936	binary	custom	TRUE	TRUE	FALSE	-100	93	TRUE	388699	0.127077557438717	0.334661010878412	6855	879	8690	14	0	12.4334362362872	17.8374594163609	27	26060000	99
20220928 233007	binary	custom	TRUE	TRUE	FALSE	-100	176	TRUE	388699	0.0916428280732774	0.233852018287496	5259	949	7375	6	0	34.9213047503308	17.4075586391141	46	25970000	100
20220928 233039	binary	custom	TRUE	TRUE	FALSE	-100	142	TRUE	388699	0.0985461592024715	0.285685568771536	5063	887	7717	9	0	3.12984836180238	20.6638156908074	37	26330000	101
20220928 233103	binary	custom	TRUE	TRUE	FALSE	-100	66	TRUE	388699	0.0848903639560126	0.382502566876774	5882	946	7497	16	0	0.112853260915341	14.9222169225198	14	25570000	102
20220928 233126	binary	custom	TRUE	TRUE	FALSE	-100	73	TRUE	388699	0.112517329178162	0.41455230446608	7988	215	7862	5	0	23.6213852591901	15.1753769789979	73	25560000	103
20220928 233203	binary	custom	TRUE	TRUE	FALSE	-100	216	TRUE	388699	0.119609097698776	0.264039350700544	506	262	11114	10	0	12.9950761810439	16.6661711501813	66	26260000	104
20220928 233230	binary	custom	TRUE	TRUE	FALSE	-100	80	TRUE	388699	0.121208529904455	0.240166325566822	1070	656	10002	18	0	1.88873704429616	17.7173481917239	65	25920000	105
20220928 233253	binary	custom	TRUE	TRUE	FALSE	-100	98	TRUE	388699	0.119297313702576	0.609214583905721	3563	103	11244	13	0	5.30040405155639	17.0574534502615	65	25520000	106
20220928 233327	binary	custom	TRUE	TRUE	FALSE	-100	167	TRUE	388699	0.105113935901027	0.250548119176095	258	936	12817	11	0	16.3065237288635	17.5880757481973	61	25250000	107
20220928 233358	binary	custom	TRUE	TRUE	FALSE	-100	122	TRUE	388699	0.0535149368821654	0.88164713618624	2484	914	9279	12	0	4.10630055121045	46.1680401081534	53	26970000	108
20220928 233435	binary	custom	TRUE	TRUE	FALSE	-100	124	TRUE	388699	0.142340356383168	0.655419467224598	1010	289	10559	9	0	8.10683227307123	46.1887821597318	5	24170000	109
20220928 233518	binary	custom	TRUE	TRUE	FALSE	-100	227	TRUE	388699	0.0753668433393102	0.374467537812729	7085	988	7944	5	0	16.5258422255067	45.9613791323548	26	25720000	110
20220928 233546	binary	custom	TRUE	TRUE	FALSE	-100	119	TRUE	388699	0.107323143794429	0.514740119372449	1564	997	9410	3	0	17.3605206026324	17.0539662036637	10	25980000	111
20220928 233625	binary	custom	TRUE	TRUE	FALSE	-100	256	TRUE	388699	0.102296622424208	0.846588918875165	4229	1001	9455	8	0	1.34271547346789	30.7469172502665	56	26690000	112
20220928 233647	binary	custom	TRUE	TRUE	FALSE	-100	98	TRUE	388699	0.0974067428819375	0.772080853648525	4769	891	7357	12	0	3.62178282747612	45.0702385786228	39	26410000	113
20220928 233816	binary	custom	TRUE	TRUE	FALSE	-100	548	TRUE	388699	0.029604660028175	0.537061658718129	6679	999	10428	10	0	33.70207036967	30.5778262477204	58	25950000	114
20220928 233846	binary	custom	TRUE	TRUE	FALSE	-100	99	TRUE	388699	0.108162529134832	0.316577962932947	409	81	10288	10	0	28.2337060971941	8.10014086731863	84	25510000	115
20220928 233916	binary	custom	TRUE	TRUE	FALSE	-100	218	TRUE	388699	0.0700633581575101	0.658870325082029	6846	1020	10808	4	0	16.4895220694068	18.2721903735489	80	25430000	116
20220928 234117	binary	custom	TRUE	TRUE	FALSE	-100	692	TRUE	388699	0.0162536452900377	0.531451684347379	6060	513	10037	10	0	42.0116055231811	46.9647935933434	55	25930000	117
20220928 234145	binary	custom	TRUE	TRUE	FALSE	-100	124	TRUE	388699	0.0924620139512766	0.291082781865147	5837	182	9269	15	0	14.103849093017	45.1443508703971	60	25950000	118
20220928 234414	binary	custom	TRUE	TRUE	FALSE	-100	1282	TRUE	388699	0.00813282590386287	0.818708419988128	1804	696	10637	5	0	16.9474215501152	45.728676318862	4	24010000	119
20220928 234505	binary	custom	TRUE	TRUE	FALSE	-100	242	TRUE	388699	0.0461840339299779	0.35962676883719	403	1024	9812	11	0	29.4936646773642	44.19820465115	69	26220000	120
20220928 234529	binary	custom	TRUE	TRUE	FALSE	-100	86	TRUE	388699	0.0753921981377218	0.57491516249262	6336	580	10037	10	0	46.1733153083683	41.4981154297036	89	24890000	121
20220928 234709	binary	custom	TRUE	TRUE	FALSE	-100	559	TRUE	388699	0.0152486967379163	0.288567055898512	6886	1018	9631	7	0	48.3854958280236	15.780990734756	47	25140000	122
20220928 234733	binary	custom	TRUE	TRUE	FALSE	-100	108	TRUE	388699	0.123286901805102	0.223230559886105	1538	235	9915	-1	0	18.8487425025527	14.9342459757856	68	26010000	123
20220928 234806	binary	custom	TRUE	TRUE	FALSE	-100	194	TRUE	388699	0.126753416784127	0.212032504400221	253	88	7921	3	0	13.1963984923117	16.6052225428699	5	24960000	124
20220928 234857	binary	custom	TRUE	TRUE	FALSE	-100	490	TRUE	388699	0.0376667640440249	0.897258054933964	7574	196	12824	3	0	6.63914038849835	45.0211284067089	41	24840000	125
20220928 235029	binary	custom	TRUE	TRUE	FALSE	-100	528	TRUE	388699	0.0251563000471549	0.262066649574059	1659	317	11548	5	0	15.3566050548098	15.9893350583512	66	25870000	126
20220928 235057	binary	custom	TRUE	TRUE	FALSE	-100	115	TRUE	388699	0.100546910159197	0.311759351749861	741	914	10494	7	0	10.4850300423098	6.26387846455123	67	26140000	127
20220928 235141	binary	custom	TRUE	TRUE	FALSE	-100	239	TRUE	388699	0.0574093539333639	0.408817799447681	1020	256	14382	3	0	25.5181904421156	13.2541274644765	70	23640000	128
20220928 235207	binary	custom	TRUE	TRUE	FALSE	-100	101	TRUE	388699	0.110527499290463	0.43109104147911	7823	1023	7811	11	0	9.23830885439217	26.0441473676669	30	26060000	129
20220928 235253	binary	custom	TRUE	TRUE	FALSE	-100	333	TRUE	388699	0.106094382011861	0.244779041931805	1228	224	10852	1	0	6.3180849696376	0.136939005781973	68	25820000	130
20220928 235344	binary	custom	TRUE	TRUE	FALSE	-100	307	TRUE	388699	0.0502463161375924	0.728126540553132	2239	472	10135	9	0	2.59411810156011	46.9889518879355	90	26930000	131
20220928 235428	binary	custom	TRUE	TRUE	FALSE	-100	175	TRUE	388699	0.0417087828031449	0.376005050316175	6932	434	11179	0	0	9.24751008671073	3.83090747233072	23	25490000	132
20220928 235449	binary	custom	TRUE	TRUE	FALSE	-100	71	TRUE	388699	0.106725461123819	0.690046244500161	1109	902	10448	8	0	2.0719949628504	18.2378108285608	41	26230000	133
20220928 235512	binary	custom	TRUE	TRUE	FALSE	-100	97	TRUE	388699	0.107873141193968	0.271854106947422	1874	333	11257	2	0	5.50767847707705	7.43709376072551	68	25330000	134
20220928 235554	binary	custom	TRUE	TRUE	FALSE	-100	218	TRUE	388699	0.0557572767477492	0.267906703280552	5867	900	9399	-1	0	29.9374519378936	0.131762161076083	63	25690000	135
20220928 235612	binary	custom	TRUE	TRUE	FALSE	-100	56	TRUE	388699	0.117700461739353	0.760662983315788	2972	565	9539	5	0	11.834325896786	1.06629683704889	84	25650000	136
20220928 235645	binary	custom	TRUE	TRUE	FALSE	-100	173	TRUE	388699	0.0773929969675134	0.285328632939614	2106	997	8219	14	0	37.294222746254	45.8559168188714	19	26610000	137
20220928 235727	binary	custom	TRUE	TRUE	FALSE	-100	168	TRUE	388699	0.0799229747147151	0.268757902915808	134	974	8598	19	0	23.8996750350959	38.7503132535934	18	27130000	138
20220928 235820	binary	custom	TRUE	TRUE	FALSE	-100	319	TRUE	388699	0.0426579370397652	0.222583207253823	355	809	8177	18	0	30.3890853379015	22.8453198539177	24	26210000	139
20220928 235842	binary	custom	TRUE	TRUE	FALSE	-100	83	TRUE	388699	0.140156252120057	0.257312908239735	2012	928	7868	20	0	29.6926818936087	45.2072318526028	19	25550000	140
20220928 235904	binary	custom	TRUE	TRUE	FALSE	-100	79	TRUE	388699	0.117348748349849	0.237587054524662	7163	947	8873	7	0	0.0397871001222078	3.28348612338592	32	26180000	141
20220928 235956	binary	custom	TRUE	TRUE	FALSE	-100	246	TRUE	388699	0.0590073685178127	0.249494071764693	3969	934	10010	12	0	1.32858666793082	27.0176626953014	20	26300000	142
20220929 000017	binary	custom	TRUE	TRUE	FALSE	-100	88	TRUE	388699	0.117991994773358	0.273905344584667	7233	833	7992	11	0	0.723976611830017	20.5560352138008	2	20820000	143
20220929 000101	binary	custom	TRUE	TRUE	FALSE	-100	208	TRUE	388699	0.0487339474408746	0.725422365585559	6195	231	8066	11	0	24.8677606010868	5.14798986001009	55	26270000	144
20220929 000146	binary	custom	TRUE	TRUE	FALSE	-100	221	TRUE	388699	0.0653171313794289	0.560907934085657	1484	970	8460	14	0	13.9652820507871	42.1514266231916	13	26840000	145
20220929 000216	binary	custom	TRUE	TRUE	FALSE	-100	128	TRUE	388699	0.057504641286102	0.87682323807142	2676	769	8325	11	0	10.9342670229238	44.3967237850205	62	27030000	146
20220929 000257	binary	custom	TRUE	TRUE	FALSE	-100	178	TRUE	388699	0.0752455176000682	0.348109035835669	1695	538	7985	10	0	0.843250550897569	41.0640498207506	70	26990000	147
20220929 000357	binary	custom	TRUE	TRUE	FALSE	-100	230	TRUE	388699	0.0198217556959297	0.272112990640253	2790	680	9511	4	0	1.86953546977453	42.0966272555801	98	26340000	148
20220929 000440	binary	custom	TRUE	TRUE	FALSE	-100	218	TRUE	388699	0.0718601931670014	0.560948058874192	4523	290	9176	11	0	12.4461084833618	2.07131550056172	32	26690000	149
20220929 000520	binary	custom	TRUE	TRUE	FALSE	-100	129	TRUE	388699	0.0944009364011443	0.31391569985389	758	665	8480	10	0	8.31434093521441	46.7136180289771	69	27360000	150
20220929 000544	binary	custom	TRUE	TRUE	FALSE	-100	139	TRUE	388699	0.0746286615307149	0.963534563799981	5862	332	10182	7	0	28.3885113200012	17.7377734997962	33	26360000	151
20220929 000611	binary	custom	TRUE	TRUE	FALSE	-100	68	TRUE	388699	0.0568074416493435	0.528028561986777	1297	851	8476	7	14	29.2153769118992	43.6795609840395	15	24410000	152
20220929 000714	binary	custom	TRUE	TRUE	FALSE	-100	415	TRUE	388699	0.0271513044421158	0.624478487613003	92	634	10352	10	0	29.8902116370537	10.5459997970423	57	26420000	153
20220929 000730	binary	custom	TRUE	TRUE	FALSE	-100	58	TRUE	388699	0.079621345763641	0.644252363830634	6821	251	10056	5	10	24.2132288488521	7.6464999181324	54	24130000	154
