Feature	Gain	Cover	Frequency
ctrx_quarter	0.160423519708022	0.0254345671956919	0.0234419254920394
mcuentas_saldo	0.0510624984407682	0.0272095546779669	0.0263827120319148
mpayroll	0.0400058337375112	0.0284051158248907	0.00701449904183389
mrentabilidad_annual	0.0341279669889478	0.0235579199516033	0.0382904870376397
mpasivos_margen	0.0324363826697893	0.013888038532161	0.0235986067421147
mprestamos_personales	0.028975865305995	0.0189309886977607	0.00760506683057936
mcaja_ahorro	0.0273279266015766	0.0118070209286502	0.0229718817418134
cliente_edad	0.0249601794183231	0.0196713442929655	0.0391221029034241
cpayroll_trx	0.0218850976149386	0.011808310635444	0.00249484759735329
Master_Fvencimiento	0.0204265783516505	0.0193789819181181	0.0314929312651408
mcuenta_corriente	0.0200754114836944	0.0177907561688947	0.0253703101083511
numero_de_cliente	0.0198653115601794	0.01977731159683	0.0335297875161201
mactivos_margen	0.019379992646489	0.0181812630681359	0.0249725807812368
mrentabilidad	0.0192173025151853	0.0149870987444465	0.0247797423196056
Visa_fechaalta	0.0189100931667353	0.0126731543925186	0.0243338033770836
Master_fechaalta	0.0185315514703306	0.0135227428449181	0.0273830615516265
Visa_Fvencimiento	0.0182520863016604	0.0125977851857365	0.0291547649178629
mtarjeta_visa_consumo	0.0173552566619093	0.0130104481074066	0.0110400019283846
Visa_mpagominimo	0.0166444510190726	0.0118289292330057	0.0206096105868315
cliente_antiguedad	0.0162213310200366	0.0146783663335945	0.0252738908775355
chomebanking_transacciones	0.0158020281650925	0.0132843535197834	0.0247676899157537
Visa_mfinanciacion_limite	0.0155353826360832	0.0122767671380633	0.023996336069229
Master_mfinanciacion_limite	0.0148931415480122	0.0104402276126453	0.0229477769341095
mcomisiones_mantenimiento	0.0145973608218699	0.0147136425668294	0.0103771197165275
Visa_mconsumospesos	0.0124020443992725	0.0120216106416004	0.0193923177977848
Visa_mpagospesos	0.0117332813171906	0.00958616352378818	0.0196574706825276
Visa_cconsumos	0.0109921178652329	0.00681374511778642	0.015149871641899
mcomisiones	0.0107992360302526	0.00703720549697729	0.0149570331802678
Visa_msaldopesos	0.0103280660978084	0.0110917644825059	0.0121729278904678
mtransferencias_recibidas	0.00989710794912713	0.00890341024467032	0.0167407889503561
ctarjeta_visa_transacciones	0.00966460617363745	0.00726994449082299	0.0115944125055742
ccomisiones_otras	0.00892092580343532	0.0153967123745963	0.0150414000072314
mcaja_ahorro_dolares	0.00842757120795791	0.00878524085968379	0.0145713562570055
cproductos	0.00818013286211865	0.0111443367454951	0.0115823601017223
cdescubierto_preacordado	0.00800407442419852	0.00600719178255767	0.00288052452061564
Visa_msaldototal	0.00712650933777164	0.00521646487978393	0.00932856058140796
mautoservicio	0.00707952034862059	0.00803235682462564	0.0107627966397898
mttarjeta_visa_debitos_automaticos	0.00705282961872978	0.00730766939755134	0.0115100456786106
Visa_status	0.00702039281032667	0.0100166877049432	0.00272384327054031
mtransferencias_emitidas	0.00679595258811213	0.0112946780237356	0.011184630774608
mcomisiones_otras	0.00670395169225965	0.00504816010920293	0.00981065673548589
cprestamos_personales	0.00663496758776242	0.0152408121848321	0.00576104904123127
mcuenta_debitos_automaticos	0.00648762663723961	0.00977239148337243	0.00891877885044172
ctransferencias_recibidas	0.00645756347053698	0.0144127280204069	0.0111966831784599
Master_status	0.00636057148908602	0.00595699938248603	0.00189222740475588
ctarjeta_debito_transacciones	0.00563265850855375	0.0104098074400519	0.0101842812548963
mpagomiscuentas	0.00445599492341957	0.00740559077907771	0.0073399139458365
ccallcenter_transacciones	0.00444574421472097	0.0174609362655567	0.00700244663798195
Master_mpagospesos	0.004414365983542	0.0154070241308978	0.0076412240421352
ctarjeta_debito	0.00428564762921562	0.00553428913372758	0.00711091827264948
cmobile_app_trx	0.00419983611832837	0.00254424057032942	0.00525484807944945
Visa_mconsumosdolares	0.00402632000408261	0.0097918432501687	0.00747249038820793
ccajas_consultas	0.00382360995650313	0.00805159134660374	0.00297694375143122
ctransferencias_emitidas	0.0036845670452208	0.00586142050956465	0.00662882211857155
Master_mpagominimo	0.00368168546656392	0.00577406351745406	0.00571283942582348
Master_mlimitecompra	0.00365179328368383	0.00568249040305779	0.00621904038760531
ccajas_transacciones	0.00343379849112327	0.000637375653342165	0.000807511058080534
internet	0.00341826638300127	0.00662352614480047	0.00263947644357667
thomebanking	0.00329911686440306	0.00260514677706735	0.00339877788624941
ccaja_seguridad	0.0032399481895298	0.00744173795760168	0.00160296971230912
Master_mconsumospesos	0.00315045487931163	0.00567460864309355	0.00482096154077931
mextraccion_autoservicio	0.00304441009320514	0.00464529876256447	0.00518253365633776
cpagomiscuentas	0.00298449826656898	0.00465803363414552	0.00513432404092996
mtarjeta_master_consumo	0.00293282312062285	0.00999380229040996	0.0038447168287715
cextraccion_autoservicio	0.0028145743733541	0.0100816871579384	0.00482096154077931
Visa_fultimo_cierre	0.00278061978620063	0.00225991821977084	0.00426655096358969
Master_msaldototal	0.00268662221641	0.00747052240450528	0.0045678610598884
ctarjeta_visa_debitos_automaticos	0.0026473337625655	0.0068982641651456	0.00467633269455593
Master_fultimo_cierre	0.0026257900998807	0.00314956720644605	0.00436297019440527
Visa_mlimitecompra	0.00250544928825075	0.00427423773207011	0.00447144182907281
ccomisiones_mantenimiento	0.00241567896689327	0.00514497462346568	0.00238637596268576
ctarjeta_master	0.00210274982901954	0.000238471897825685	0.000301310096298707
Master_msaldopesos	0.0020976268742504	0.00440361635986934	0.00363982596328838
matm	0.0020816947036427	0.0027411253221028	0.00404960769425462
matm_other	0.00204334100069414	0.00695980539519819	0.0038447168287715
tmobile_app	0.00197984316745262	0.00462648988314867	0.00178375577008834
Visa_mconsumototal	0.00193159802311811	0.00204508177175563	0.00310952019380265
Master_cconsumos	0.0019309231358623	0.00157917322646078	0.00254305721276109
ccuenta_debitos_automaticos	0.00192192277654795	0.00953600552900448	0.00370008798254812
ctarjeta_visa	0.00183020235641955	0.00499923578974415	0.000879825481192224
mplazo_fijo_dolares	0.0018286726603366	0.00958597576921682	0.00335056827084162
ccaja_ahorro	0.00179454048194561	0.00579294219045398	0.00278410528980005
catm_trx	0.00177800717097334	0.00853158148475065	0.0031697822130624
Visa_mpagado	0.0016972927856414	0.00839929118658298	0.00290462932831953
Visa_msaldodolares	0.0012916946024453	0.00587408853658626	0.00269973846283641
tcallcenter	0.0012852595112399	0.00212621533878095	0.00184401778934809
mttarjeta_master_debitos_automaticos	0.00125494920216948	0.0060608365075226	0.00256716202046498
ctarjeta_master_transacciones	0.00122694986562408	0.00473435930793248	0.0021212230779429
catm_trx_other	0.00122082971824177	0.00481247897173376	0.00283231490520784
Visa_mpagosdolares	0.000893614630635448	0.00169139246264916	0.002097118270239
mtarjeta_visa_descuentos	0.000851247336455599	0.00803675676944978	0.00195248942401562
minversion2	0.00079229801479471	0.0121653903399255	0.00149449807764159
active_quarter	0.000715576537583875	0.000905894180634942	0.00113292596208314
mcaja_ahorro_adicional	0.000648513414683675	0.00625038900093064	0.00180786057779224
Master_mpagado	0.000610529597086826	0.00352599054681881	0.00121729278904678
ccheques_depositados	0.000596986215910008	0.00362079382624907	0.000723144231116896
cseguro_accidentes_personales	0.000559588829290847	0.000746174020900509	0.0010726639428234
tcuentas	0.000540038922349508	0.00365243686107685	0.000747249038820793
Visa_Finiciomora	0.000538473751583591	0.00613765171940663	0.00122934519289872
Master_mconsumototal	0.000525815940124557	0.00113169313639788	0.000988297115859758
mprestamos_prendarios	0.000519725382781868	0.00982509055442297	0.00130165961601041
cseguro_vivienda	0.000476011596707428	0.000557866998916108	0.000928035096600017
ccajas_depositos	0.000449560105374734	0.00373422806060604	0.000940087500451965
ccajas_extracciones	0.000433910632454286	0.00983272557932223	0.00125345000060262
cseguro_vida	0.000399381158246599	0.00155519863881199	0.000795458654228586
mforex_buy	0.000335216683785808	0.00395954042729661	0.0010485591351195
Master_Finiciomora	0.000288465093661628	0.00651291216104682	0.000867773077340276
ctarjeta_master_debitos_automaticos	0.000283745214327898	0.00127277349413156	0.000518253365633776
mcheques_depositados	0.000277363992717607	0.00245160482403974	0.000686987019561052
Master_msaldodolares	0.000249400600195374	0.00134493121303597	0.000662882211857155
ccajeros_propios_descuentos	0.000248577130384086	0.00166287834300799	0.000795458654228586
mcajeros_propios_descuentos	0.000241407150571335	0.00270891705754449	0.000988297115859758
mforex_sell	0.000230661462012329	0.00511826727294577	0.000771353846524689
Master_mconsumosdolares	0.000219255502024994	0.000800522579755989	0.000566462981041569
cplazo_fijo	0.000219078878937356	0.00140575779610751	0.000554410577189621
minversion1_pesos	0.000211612639011847	0.0049023337877492	0.000566462981041569
Master_mpagosdolares	0.000198959769856118	0.00477391850801245	0.000614672596449362
ccajas_otras	0.000194519862782267	0.00127567631742596	0.000457991346374034
ccheques_emitidos	0.000189384556288725	0.00148262707344402	0.000253100480890914
mcheques_emitidos	0.000186583986709323	0.00274673141802149	0.000445938942522086
cinversion1	0.000174566082666005	0.00419622914819848	0.000566462981041569
cforex_buy	0.000135983023785919	0.00267738805167105	0.000433886538670138
Master_delinquency	0.000122330210557208	0.00131977111746539	0.000554410577189621
cseguro_auto	0.000115550125535617	0.000856469509988604	0.000385676923262345
Visa_cadelantosefectivo	0.000103268468266482	0.000781593773336492	0.000253100480890914
cprestamos_hipotecarios	8.71459161862358e-05	0.00257838536109496	0.000337467307854552
Visa_delinquency	8.36001573529042e-05	8.61655861394362e-05	0.000192838461631172
mprestamos_hipotecarios	7.52470538994247e-05	0.0024427665970706	0.000325414904002603
ctarjeta_visa_descuentos	6.10500655204796e-05	0.000113253360843199	0.000108471634667534
mtarjeta_master_descuentos	5.38415730609305e-05	0.000835059590804109	0.000192838461631172
ctarjeta_master_descuentos	4.79373778318726e-05	0.00236688819202693	0.000216943269335069
cforex	4.56977761530063e-05	0.000196579036214774	0.000144628846223379
Master_cadelantosefectivo	4.26269497069986e-05	9.97753350425277e-07	1.20524038519483e-05
mpagodeservicios	4.12730821520852e-05	7.16485206428051e-05	4.82096154077931e-05
Visa_madelantopesos	4.11961574632078e-05	0.00018535504827866	8.43668269636379e-05
cinversion2	3.65421949288232e-05	0.000418044891713013	0.000108471634667534
Master_madelantopesos	1.46601661703247e-05	9.97350317052199e-05	2.41048077038965e-05
cprestamos_prendarios	1.23653226771347e-05	0.000144435364812499	3.61572115558448e-05
cforex_sell	1.15954672088638e-05	8.52395923895833e-05	4.82096154077931e-05
cpagodeservicios	6.71289421563597e-06	1.51933751568208e-05	1.20524038519483e-05
